1761584756747851	84.074000
1761584756952285	235.590000
1761584756978523	206.358000
1761584757036749	208.454000
1761584757084956	200.569000
1761584757156078	215.948000
1761584757210277	214.767000
1761584757247029	195.757000
1761584757300146	193.057000
1761584757354291	190.906000
1761584757407423	188.213000
1761584757478655	203.216000
1761584757531957	199.981000
1761584757585369	197.058000
1761584757639860	196.692000
1761584757694840	196.520000
1761584757748213	194.508000
1761584757800639	191.365000
1761584757854662	189.911000
1761584757891810	171.515000
1761584757898190	121.254000
1761584757903002	69.963000
1761584757928071	42.995000
1761584757977585	40.886000
1761584758029220	40.829000
1761584758080848	40.761000
1761584758132019	40.240000
1761584758183477	40.119000
1761584758235933	40.935000
1761584758287348	40.526000
1761584758338544	40.145000
1761584758391425	41.338000
1761584758443348	41.708000
1761584758494501	41.231000
1761584758547467	42.674000
1761584758597185	40.700000
1761584758648867	40.745000
1761584758700294	40.529000
1761584758752398	41.042000
1761584758808282	44.896000
1761584758862246	45.268000
1761584758913521	44.188000
1761584758965203	43.926000
1761584759017122	43.859000
1761584759069178	43.985000
1761584759121074	43.897000
1761584759173851	44.703000
1761584759225052	43.975000
1761584759278166	45.130000
1761584759329496	44.571000
1761584759381238	44.337000
1761584759432908	44.085000
1761584759484888	44.119000
1761584759537725	44.998000
1761584759589244	44.578000
1761584759641303	44.678000
1761584759693357	44.767000
1761584759745409	44.848000
1761584759797181	44.699000
1761584759859437	53.967000
1761584759911887	53.926000
1761584759961853	51.510000
1761584760014189	51.455000
1761584760069565	54.254000
1761584760118805	51.094000
1761584760170830	50.665000
1761584760224721	52.226000
1761584760276420	51.556000
1761584760329869	52.560000
1761584760381224	51.415000
1761584760435036	53.011000
1761584760486979	52.471000
1761584760539089	51.991000
1761584760591450	51.832000
1761584760644276	51.779000
1761584760696572	51.390000
1761584760752282	54.300000
1761584760802377	51.710000
1761584760865917	61.767000
1761584760920192	62.664000
1761584760977977	66.984000
1761584761027579	63.200000
1761584761085522	67.657000
1761584761134320	63.157000
1761584761188025	63.757000
1761584761241278	63.483000
1761584761294957	63.257000
1761584761348694	63.042000
1761584761405971	66.877000
1761584761455603	63.116000
1761584761509070	62.980000
1761584761562794	63.048000
1761584761620272	67.045000
1761584761669599	62.957000
1761584761722886	62.670000
1761584761776534	62.967000
1761584761829762	62.997000
1761584761886186	67.804000
1761584761949954	77.274000
1761584762003490	76.540000
1761584762056321	75.161000
1761584762109932	75.136000
1761584762163055	74.363000
1761584762216275	73.519000
1761584762274445	77.798000
1761584762327871	77.080000
1761584762381310	76.662000
1761584762434220	74.671000
1761584762492904	78.909000
1761584762546094	77.609000
1761584762599218	76.126000
1761584762652707	74.977000
1761584762711108	78.943000
1761584762759173	74.809000
1761584762815935	76.848000
1761584762869075	75.288000
1761584762929627	79.677000
1761584762985254	80.267000
1761584763035841	76.318000
1761584763091754	77.444000
1761584763148956	80.199000
1761584763204445	80.678000
1761584763254546	76.047000
1761584763310657	77.382000
1761584763366571	78.884000
1761584763423112	80.764000
1761584763473247	76.794000
1761584763529165	77.921000
1761584763585487	79.898000
1761584763635693	76.218000
1761584763691983	78.543000
1761584763748094	80.364000
1761584763798078	76.514000
1761584763854297	77.548000
1761584763910307	78.799000
1761584763966770	80.434000
1761584764017726	76.879000
1761584764074728	78.959000
1761584764131897	81.375000
1761584764181507	76.419000
1761584764240192	80.504000
1761584764297791	83.627000
1761584764348468	79.608000
1761584764405500	81.181000
1761584764456570	77.410000
1761584764513485	79.430000
1761584764570664	81.677000
1761584764621762	78.055000
1761584764678855	80.210000
1761584764736060	82.515000
1761584764787277	78.872000
1761584764844101	80.790000
1761584764895340	77.229000
1761584764952356	79.644000
1761584765009552	81.817000
1761584765060185	77.827000
1761584765117033	80.156000
1761584765173261	81.936000
1761584765224213	78.448000
1761584765280776	80.439000
1761584765333936	79.388000
1761584765387867	78.760000
1761584765443078	79.658000
1761584765494917	77.489000
1761584765551912	79.977000
1761584765608096	81.678000
1761584765658875	78.384000
1761584765715777	80.710000
1761584765766293	77.031000
1761584765823456	79.692000
1761584765879643	81.381000
1761584765930237	77.562000
1761584765987151	79.907000
1761584766043547	82.123000
1761584766094379	78.417000
1761584766150487	80.095000
1761584766201166	76.515000
1761584766257803	78.326000
1761584766314475	80.450000
1761584766365336	76.919000
1761584766420890	78.329000
1761584766477812	80.698000
1761584766528389	77.109000
1761584766584803	78.729000
1761584766641187	80.635000
1761584766691781	77.084000
1761584766748589	79.759000
1761584766804771	81.465000
1761584766855270	77.882000
1761584766911776	79.912000
1761584766968282	82.014000
1761584767018817	78.285000
1761584767075512	80.695000
1761584767126460	77.167000
1761584767183288	79.671000
1761584767240022	82.006000
1761584767291192	78.718000
1761584767348426	81.356000
1761584767399088	77.574000
1761584767456257	80.513000
1761584767512777	82.524000
1761584767564001	79.325000
1761584767620785	81.525000
1761584767671663	77.987000
1761584767728634	80.543000
1761584767779692	77.575000
1761584767836584	80.249000
1761584767893179	82.351000
1761584767944506	79.194000
1761584768000982	81.192000
1761584768052429	78.102000
1761584768109045	80.072000
1761584768160481	77.005000
1761584768215961	78.654000
1761584768272598	81.246000
1761584768322901	77.506000
1761584768379096	78.675000
1761584768435191	80.079000
1761584768485608	76.382000
1761584768542071	78.983000
1761584768598271	81.027000
1761584768648849	77.526000
1761584768705029	79.670000
1761584768755726	75.954000
1761584768811759	78.047000
1761584768867829	80.041000
1761584768918673	77.123000
1761584768974688	78.281000
1761584769031164	80.032000
1761584769081604	75.768000
1761584769137873	77.500000
1761584769195581	80.072000
1761584769252957	82.440000
1761584769304940	79.328000
1761584769362648	82.248000
1761584769414438	79.536000
1761584769472027	82.262000
1761584769524058	79.390000
1761584769581911	82.753000
1761584769633215	78.974000
1761584769691084	82.285000
1761584769743017	79.184000
1761584769800545	81.841000
1761584769852095	78.992000
1761584769910135	82.292000
1761584769961784	79.328000
1761584770019489	82.361000
1761584770071428	79.583000
1761584770129080	82.392000
1761584770180694	79.441000
1761584770237127	80.777000
1761584770286979	77.017000
1761584770342887	77.914000
1761584770399007	79.379000
1761584770455014	80.842000
1761584770505077	76.372000
1761584770561244	77.931000
1761584770616869	78.926000
1761584770673310	80.691000
1761584770729302	82.052000
1761584770779156	77.071000
1761584770834830	77.722000
1761584770891063	79.184000
1761584770947035	80.477000
1761584771002877	81.855000
1761584771053538	77.749000
1761584771108986	78.555000
1761584771166193	80.887000
1761584771220683	80.686000
1761584771271937	78.331000
1761584771328388	80.138000
1761584771384760	81.167000
1761584771435523	77.872000
1761584771492078	77.981000
1761584771549039	80.414000
1761584771604867	81.692000
1761584771655817	77.801000
1761584771712646	80.198000
1761584771769158	82.181000
1761584771819780	77.989000
1761584771876648	80.172000
1761584771933054	81.569000
1761584771983743	77.992000
1761584772040273	80.229000
1761584772091042	76.887000
1761584772147638	79.393000
1761584772204038	81.542000
1761584772254555	77.838000
1761584772312066	81.314000
1761584772361948	77.046000
1761584772417902	78.913000
1761584772474674	81.332000
1761584772525090	77.801000
1761584772581176	79.454000
1761584772632006	76.211000
1761584772688040	77.433000
1761584772744153	79.119000
1761584772800548	80.811000
1761584772850948	76.727000
1761584772907030	78.051000
1761584772963381	79.712000
1761584773018538	80.154000
1761584773070238	77.378000
1761584773126526	78.593000
1761584773183357	80.684000
1761584773239096	81.979000
1761584773289678	77.631000
1761584773346535	79.167000
1761584773403782	81.567000
1761584773454881	78.127000
1761584773512262	80.919000
1761584773563254	76.960000
1761584773620497	79.600000
1761584773677756	82.043000
1761584773728538	77.993000
1761584773785933	80.558000
1761584773837555	77.762000
1761584773894388	80.106000
1761584773951266	82.368000
1761584774002333	78.832000
1761584774059633	81.228000
1761584774110686	77.633000
1761584774167827	80.130000
1761584774219256	76.598000
1761584774276398	79.118000
1761584774333451	81.615000
1761584774384821	77.791000
1761584774442304	80.453000
1761584774493816	77.353000
1761584774551013	79.670000
1761584774608034	81.781000
1761584774659392	78.513000
1761584774716826	81.170000
1761584774768241	77.613000
1761584774825504	80.114000
1761584774883214	82.964000
1761584774934127	78.891000
1761584774991463	81.401000
1761584775042801	78.013000
1761584775100109	80.885000
1761584775151226	77.450000
1761584775208716	80.207000
1761584775265558	82.410000
1761584775317307	79.435000
1761584775374602	82.054000
1761584775425654	77.670000
1761584775482305	79.858000
1761584775539849	82.950000
1761584775589996	78.184000
1761584775647343	80.235000
1761584775703793	82.047000
1761584775754736	78.036000
1761584775811984	80.771000
1761584775862904	77.374000
1761584775919491	79.271000
1761584775976389	81.168000
1761584776027323	78.432000
1761584776084252	81.094000
1761584776134830	77.869000
1761584776192015	79.556000
1761584776248990	81.661000
1761584776299800	77.965000
1761584776356952	80.647000
1761584776407509	76.751000
1761584776464144	78.379000
1761584776521012	80.622000
1761584776577016	82.000000
1761584776627860	78.051000
1761584776684399	79.655000
1761584776740851	81.711000
1761584776791256	77.321000
1761584776848031	79.514000
1761584776904672	81.613000
1761584776955008	77.461000
1761584777011185	78.684000
1761584777068218	80.990000
1761584777118692	76.684000
1761584777175077	78.379000
1761584777231919	80.554000
1761584777288337	82.240000
1761584777338701	77.811000
1761584777395535	79.953000
1761584777451863	81.720000
1761584777502783	77.422000
1761584777562464	82.579000
1761584777616320	81.764000
1761584777665889	76.292000
1761584777723276	78.983000
1761584777774414	75.795000
1761584777830397	76.535000
1761584777888999	80.124000
1761584777945447	81.998000
1761584777996577	78.695000
1761584778053591	80.858000
1761584778104343	76.677000
1761584778161190	78.582000
1761584778218218	80.885000
1761584778274768	82.616000
1761584778333888	86.982000
1761584778382072	80.379000
1761584778432963	76.323000
1761584778488905	77.529000
1761584778546686	80.198000
1761584778603332	82.289000
1761584778652741	76.769000
1761584778711051	80.510000
1761584778766963	81.809000
1761584778817880	77.986000
1761584778874528	79.949000
1761584778931178	82.139000
1761584778981616	77.847000
1761584779038445	79.911000
1761584779095028	81.958000
1761584779145809	77.761000
1761584779202008	79.419000
1761584779259289	81.989000
1761584779309962	78.271000
1761584779365520	78.835000
1761584779422716	81.539000
1761584779473542	77.709000
1761584779530434	79.538000
1761584779586578	80.573000
1761584779637076	76.738000
1761584779693878	78.910000
1761584779750174	80.789000
1761584779806454	82.295000
1761584779856871	78.283000
1761584779913507	80.056000
1761584779970054	82.018000
1761584780020401	77.654000
1761584780076811	79.011000
1761584780133604	81.036000
1761584780184702	77.772000
1761584780240270	78.292000
1761584780296879	79.997000
1761584780353158	81.730000
1761584780403787	77.822000
1761584780460225	79.451000
1761584780517077	81.615000
1761584780567305	77.355000
1761584780623726	78.653000
1761584780680277	80.316000
1761584780736536	82.008000
1761584780786910	77.648000
1761584780843144	79.399000
1761584780899653	81.387000
1761584780950273	77.565000
1761584781005695	78.335000
1761584781063181	81.336000
1761584781113519	77.021000
1761584781169864	78.699000
1761584781226534	80.689000
1761584781276929	76.406000
1761584781333237	77.632000
1761584781389583	79.180000
1761584781445888	80.691000
1761584781502068	82.235000
1761584781552701	77.903000
1761584781609630	80.061000
1761584781666085	82.051000
1761584781717270	78.260000
1761584781774393	80.701000
1761584781825477	77.231000
1761584781882442	79.317000
1761584781939213	81.438000
1761584781990286	78.107000
1761584782047257	80.374000
1761584782098360	76.512000
1761584782155111	78.434000
1761584782212701	81.299000
1761584782263617	77.629000
1761584782320521	79.969000
1761584782377319	82.099000
1761584782428511	78.449000
1761584782485587	81.058000
1761584782536700	77.704000
1761584782593516	79.976000
1761584782650377	81.850000
1761584782701840	78.255000
1761584782759113	80.688000
1761584782816014	82.611000
1761584782866935	78.847000
1761584782924296	81.688000
1761584782975360	78.246000
1761584783032321	80.397000
1761584783083859	77.411000
1761584783140878	79.632000
1761584783198129	82.344000
1761584783248992	78.096000
1761584783306195	80.556000
1761584783363128	82.675000
1761584783414550	79.479000
1761584783471381	82.057000
1761584783522800	78.988000
1761584783579869	81.304000
1761584783630807	77.737000
1761584783688260	80.576000
1761584783744846	82.327000
1761584783794983	77.845000
1761584783851212	79.311000
1761584783908084	81.689000
1761584783958342	76.819000
1761584784014681	77.977000
1761584784071194	80.263000
1761584784127127	82.090000
1761584784177966	78.751000
1761584784234392	81.107000
1761584784284760	77.422000
1761584784340998	79.500000
1761584784391516	75.758000
1761584784447881	78.203000
1761584784504436	80.453000
1761584784554926	77.169000
1761584784611161	79.062000
1761584784667787	81.499000
1761584784718070	77.512000
1761584784774997	80.071000
1761584784831621	82.622000
1761584784883162	80.190000
1761584784939363	82.044000
1761584784990554	79.325000
1761584785047449	81.930000
1761584785098399	78.918000
1761584785155040	81.242000
1761584785206138	78.654000
1761584785262910	81.253000
1761584785313786	78.323000
1761584785370612	80.880000
1761584785421245	77.770000
1761584785478533	80.820000
1761584785529327	77.770000
1761584785585901	80.016000
1761584785636924	77.143000
1761584785694106	80.086000
1761584785750733	82.646000
1761584785801435	80.804000
1761584785852358	77.426000
1761584785909108	79.911000
1761584785964831	81.644000
1761584786015944	78.752000
1761584786072555	81.133000
1761584786123133	77.649000
1761584786180042	80.365000
1761584786236733	82.884000
1761584786286774	78.595000
1761584786343271	80.870000
1761584786394102	77.993000
1761584786450533	80.085000
1761584786501242	76.936000
1761584786558132	79.677000
1761584786614312	81.820000
1761584786665302	78.680000
1761584786722107	81.225000
1761584786772485	77.376000
1761584786828151	77.618000
1761584786884445	79.324000
1761584786940843	81.179000
1761584786991139	76.510000
1761584787047131	77.911000
1761584787103198	79.174000
1761584787159456	80.780000
1761584787209330	76.218000
1761584787266078	77.032000
1761584787321894	79.022000
1761584787377768	80.674000
1761584787428097	77.200000
1761584787484425	79.392000
1761584787540850	81.737000
1761584787590697	77.809000
1761584787647336	79.999000
1761584787697609	76.674000
1761584787753472	78.442000
1761584787810045	81.059000
1761584787868026	84.044000
1761584787919438	80.174000
1761584787970811	77.031000
1761584788028260	79.707000
1761584788085815	82.676000
1761584788137562	79.261000
1761584788195074	81.932000
1761584788247045	79.151000
1761584788304512	81.234000
1761584788355927	78.421000
1761584788413797	81.696000
1761584788465223	78.830000
1761584788523016	82.081000
1761584788574479	79.375000
1761584788632006	82.595000
1761584788683940	79.929000
1761584788735574	77.171000
1761584788793176	80.274000
1761584788844858	77.803000
1761584788901331	79.385000
1761584788958046	81.212000
1761584789008525	76.821000
1761584789064778	78.559000
1761584789121578	80.841000
1761584789172237	77.029000
1761584789228613	78.769000
1761584789285312	80.340000
1761584789335930	76.399000
1761584789392334	78.135000
1761584789448920	80.228000
1761584789504940	81.628000
1761584789556487	78.816000
1761584789612282	79.549000
1761584789669077	81.874000
1761584789719451	77.823000
1761584789777145	80.479000
1761584789831640	80.347000
1761584789882687	76.695000
1761584789939903	78.557000
1761584789998285	81.980000
1761584790048601	77.720000
1761584790106437	81.020000
1761584790162759	82.951000
1761584790214603	79.630000
1761584790271579	82.174000
1761584790322780	78.656000
1761584790380244	81.418000
1761584790431314	77.771000
1761584790488879	80.344000
1761584790545425	82.311000
1761584790597135	79.378000
1761584790654143	81.592000
1761584790705130	77.654000
1761584790762195	79.728000
1761584790819703	82.818000
1761584790871020	79.522000
1761584790928050	81.913000
1761584790978631	78.177000
1761584791035651	80.632000
1761584791086135	76.563000
1761584791142099	78.087000
1761584791199192	80.397000
1761584791255436	81.803000
1761584791306217	77.966000
1761584791362763	79.440000
1761584791419063	80.873000
1761584791469901	77.276000
1761584791526155	78.846000
1761584791583216	81.242000
1761584791633674	77.217000
1761584791690223	78.899000
1761584791746545	80.569000
1761584791797425	76.946000
1761584791853860	79.113000
1761584791910523	81.216000
1761584791961133	77.441000
1761584792017737	78.841000
1761584792074933	81.340000
1761584792126331	78.480000
1761584792183431	80.928000
1761584792234590	77.496000
1761584792291733	79.881000
1761584792348475	82.124000
1761584792400197	79.117000
1761584792457037	81.252000
1761584792508091	77.850000
1761584792565154	80.147000
1761584792616638	77.223000
1761584792673494	79.291000
1761584792730595	81.700000
1761584792781681	77.735000
1761584792838909	80.109000
1761584792890098	76.521000
1761584792947311	79.419000
1761584793004249	81.447000
1761584793055777	78.034000
1761584793113539	80.924000
1761584793165065	77.755000
1761584793222641	80.406000
1761584793274363	77.849000
1761584793332142	80.738000
1761584793383437	77.663000
1761584793440903	80.184000
1761584793498592	83.405000
1761584793550554	80.138000
1761584793602040	77.262000
1761584793659735	79.842000
1761584793717311	82.264000
1761584793768832	78.724000
1761584793826579	81.605000
1761584793878017	78.367000
1761584793935689	81.349000
1761584793987092	78.056000
1761584794045208	81.157000
1761584794101886	82.986000
1761584794153878	79.757000
1761584794211282	82.666000
1761584794263046	79.709000
1761584794319913	81.496000
1761584794371639	78.891000
1761584794429064	81.557000
1761584794480454	77.862000
1761584794538181	80.693000
1761584794595308	83.184000
1761584794647187	80.064000
1761584794704031	82.276000
1761584794755786	79.204000
1761584794813354	81.842000
1761584794864565	78.253000
1761584794922184	80.932000
1761584794973370	77.277000
1761584795031417	80.604000
1761584795088710	83.403000
1761584795138802	78.165000
1761584795195022	79.555000
1761584795251332	81.261000
1761584795301867	77.471000
1761584795357771	78.795000
1761584795414595	80.995000
1761584795464615	76.487000
1761584795520797	78.311000
1761584795577251	80.125000
1761584795632964	81.268000
1761584795683941	77.550000
1761584795740135	78.842000
1761584795796321	79.601000
1761584795852362	80.788000
1761584795902811	76.787000
1761584795959368	78.330000
1761584796015354	79.708000
1761584796071884	81.447000
1761584796121952	77.015000
1761584796178632	78.226000
1761584796236487	81.288000
1761584796291968	82.139000
1761584796343666	79.339000
1761584796400803	81.679000
1761584796451255	77.468000
1761584796507462	78.665000
1761584796566143	82.189000
1761584796615721	77.122000
1761584796671977	78.940000
1761584796728642	80.818000
1761584796779689	77.415000
1761584796836560	79.323000
1761584796892153	80.176000
1761584796944208	77.579000
1761584797001034	79.274000
1761584797057598	81.253000
1761584797114222	83.291000
1761584797166740	81.017000
1761584797221900	81.109000
1761584797272939	78.268000
1761584797329659	80.206000
1761584797386180	82.292000
1761584797437083	78.721000
1761584797494177	80.993000
1761584797544971	77.239000
1761584797601758	79.493000
1761584797658552	81.922000
1761584797709896	79.220000
1761584797766464	81.740000
1761584797818040	79.336000
1761584797874399	81.304000
1761584797925341	78.370000
1761584797982419	81.120000
1761584798032998	77.771000
1761584798090100	80.595000
1761584798140823	77.079000
1761584798199447	81.410000
1761584798254275	81.378000
1761584798305191	77.528000
1761584798361798	79.465000
1761584798418260	81.218000
1761584798469208	77.353000
1761584798525550	78.695000
1761584798582431	80.954000
1761584798639150	83.037000
1761584798689526	78.597000
1761584798746065	80.440000
1761584798802420	82.411000
1761584798853056	78.472000
1761584798910224	80.759000
1761584798960490	76.895000
1761584799017037	78.386000
1761584799073700	79.795000
1761584799130507	82.149000
1761584799180845	77.739000
1761584799237597	79.887000
1761584799293517	81.267000
1761584799344485	77.328000
1761584799401230	79.497000
1761584799457814	81.375000
1761584799508391	77.609000
1761584799564802	79.574000
1761584799621243	81.610000
1761584799671765	77.923000
1761584799728366	79.959000
1761584799784747	81.639000
1761584799835315	77.797000
1761584799891647	79.380000
1761584799948582	81.875000
1761584799998888	77.483000
1761584800055496	79.675000
1761584800111827	81.158000
1761584800162337	77.344000
1761584800218948	79.013000
1761584800275250	79.896000
1761584800331980	82.105000
1761584800382840	78.295000
1761584800439474	80.491000
1761584800490364	76.851000
1761584800547261	78.828000
1761584800603741	80.738000
1761584800660430	82.554000
1761584800711083	78.234000
1761584800768066	80.782000
1761584800824747	82.851000
1761584800875364	78.725000
1761584800932278	80.974000
1761584800983008	76.919000
1761584801040002	79.151000
1761584801096776	81.167000
1761584801147409	77.453000
1761584801204230	79.612000
1761584801260895	81.553000
1761584801311842	78.148000
1761584801368410	79.831000
1761584801424747	81.383000
1761584801475810	77.671000
1761584801532309	79.689000
1761584801588843	81.744000
1761584801639290	77.618000
1761584801695898	79.741000
1761584801752486	81.945000
1761584801803134	77.980000
1761584801859646	79.093000
1761584801915722	80.959000
1761584801966553	77.138000
1761584802023443	79.058000
1761584802080155	80.305000
1761584802136682	82.329000
1761584802186770	77.458000
1761584802243668	79.796000
1761584802300099	81.080000
1761584802350811	77.143000
1761584802407548	78.920000
1761584802464426	80.855000
1761584802514926	76.752000
1761584802571900	78.642000
1761584802628362	80.409000
1761584802679855	77.425000
1761584802735711	77.975000
1761584802792658	80.192000
1761584802855519	88.577000
1761584802899253	77.611000
1761584802956497	80.037000
1761584803012776	81.922000
1761584803064447	78.691000
1761584803121370	81.132000
1761584803171782	76.451000
1761584803228725	78.702000
1761584803285412	80.513000
1761584803336161	76.711000
1761584803392543	78.337000
1761584803450008	80.805000
1761584803501152	77.017000
1761584803558435	79.266000
1761584803615785	82.102000
1761584803666986	78.616000
1761584803724548	81.587000
1761584803775312	77.565000
1761584803832341	79.600000
1761584803889670	82.489000
1761584803941040	78.843000
1761584803998278	81.468000
1761584804049252	77.404000
1761584804106772	80.030000
1761584804163638	82.512000
1761584804215730	79.925000
1761584804272209	81.971000
1761584804323591	79.094000
1761584804381025	82.164000
1761584804432495	79.293000
1761584804488784	80.158000
1761584804545336	82.203000
1761584804596374	78.545000
1761584804653168	80.666000
1761584804704097	76.743000
1761584804760521	78.426000
1761584804817491	80.791000
1761584804868416	77.223000
1761584804925239	79.234000
1761584804981918	81.387000
1761584805032575	77.823000
1761584805089251	79.526000
1761584805146938	82.661000
1761584805197019	78.331000
1761584805253858	80.780000
1761584805304166	77.271000
1761584805361021	78.985000
1761584805418088	81.360000
1761584805474432	82.151000
1761584805529245	82.079000
1761584805585922	84.277000
1761584805634149	78.516000
1761584805689838	79.868000
1761584805742205	78.186000
1761584805799456	81.086000
1761584805850647	78.564000
1761584805907657	81.127000
1761584805958974	78.708000
1761584806015884	81.253000
1761584806066961	78.344000
1761584806123848	80.815000
1761584806175647	78.666000
1761584806232409	81.174000
1761584806283803	78.797000
1761584806340720	81.372000
1761584806392031	78.660000
1761584806448802	81.218000
1761584806500110	78.508000
1761584806556611	79.641000
1761584806613011	81.114000
1761584806663427	77.367000
1761584806719477	78.662000
1761584806776432	80.897000
1761584806832625	81.957000
1761584806882952	77.691000
1761584806939323	79.599000
1761584806995988	81.731000
1761584807046135	77.322000
1761584807102389	78.605000
1761584807158858	80.212000
1761584807215273	82.010000
1761584807264144	75.910000
1761584807321765	78.678000
1761584807378223	80.722000
1761584807427401	75.400000
1761584807485235	78.651000
1761584807541576	80.283000
1761584807592814	77.138000
1761584807650021	79.868000
1761584807706782	82.010000
1761584807757886	78.293000
1761584807815828	81.441000
1761584807866982	77.811000
1761584807924106	80.270000
1761584807975386	76.697000
1761584808032639	78.933000
1761584808089726	81.213000
1761584808141016	78.151000
1761584808198220	80.840000
1761584808249457	77.427000
1761584808306763	79.690000
1761584808358015	78.164000
1761584808415240	80.252000
1761584808467412	77.632000
1761584808523501	78.865000
1761584808581025	81.290000
1761584808631946	77.157000
1761584808690426	80.658000
1761584808743131	78.599000
1761584808800977	81.498000
1761584808853033	79.165000
1761584808910736	81.926000
1761584808962895	79.612000
1761584809020673	82.785000
1761584809072673	79.896000
1761584809130410	82.775000
1761584809182673	79.973000
1761584809240581	83.210000
1761584809292663	80.580000
1761584809344616	78.054000
1761584809402514	80.524000
1761584809454983	78.708000
1761584809512387	81.894000
1761584809564496	79.932000
1761584809616365	77.651000
1761584809674393	81.199000
1761584809724773	77.239000
1761584809781406	79.446000
1761584809837944	81.948000
1761584809889415	79.285000
1761584809946330	82.091000
1761584809997898	79.795000
1761584810054125	81.834000
1761584810105531	79.325000
1761584810162300	81.966000
1761584810213651	79.139000
1761584810270483	81.718000
1761584810321833	79.070000
1761584810378510	81.461000
1761584810430272	79.138000
1761584810486445	81.057000
1761584810537897	78.790000
1761584810594768	81.328000
1761584810645916	78.519000
1761584810702243	79.890000
1761584810753255	76.929000
1761584810809541	78.879000
1761584810865810	80.730000
1761584810916549	77.593000
1761584810973015	79.909000
1761584811023936	76.738000
1761584811079416	78.058000
1761584811136643	81.041000
1761584811187417	77.963000
1761584811244469	80.815000
1761584811300128	82.245000
1761584811350965	79.031000
1761584811407365	81.033000
1761584811458330	78.227000
1761584811514763	80.351000
1761584811565239	76.634000
1761584811621902	79.018000
1761584811678183	81.010000
1761584811729826	78.368000
1761584811787346	81.566000
1761584811838859	78.891000
1761584811895945	81.735000
1761584811947761	79.393000
1761584812004663	82.077000
1761584812057030	80.197000
1761584812114199	83.116000
1761584812165792	80.457000
1761584812217169	77.867000
1761584812274548	80.782000
1761584812326243	78.455000
1761584812383691	81.383000
1761584812435104	78.873000
1761584812492461	81.756000
1761584812544125	79.437000
1761584812595824	76.866000
1761584812651968	78.853000
1761584812704962	77.908000
1761584812763830	82.745000
1761584812813077	78.042000
1761584812869873	80.746000
1761584812922589	79.717000
1761584812979985	82.777000
1761584813029258	77.985000
1761584813084403	78.824000
1761584813135651	76.069000
1761584813196144	82.158000
1761584813245136	77.096000
1761584813301702	79.459000
1761584813352028	75.607000
1761584813408723	77.980000
1761584813460212	75.566000
1761584813517234	78.330000
1761584813573588	80.483000
1761584813626835	79.772000
1761584813681782	80.297000
1761584813732905	77.133000
1761584813791243	81.244000
1761584813843690	79.372000
1761584813900487	82.146000
1761584813953814	80.952000
1761584814005861	78.481000
1761584814060702	79.132000
1761584814116536	80.552000
1761584814168226	77.943000
1761584814226624	82.056000
1761584814279091	79.808000
1761584814330992	77.687000
1761584814389080	81.201000
1761584814445155	83.149000
1761584814493307	77.425000
1761584814551519	81.293000
1761584814603568	79.223000
1761584814655842	77.372000
1761584814713566	80.588000
1761584814766229	78.900000
1761584814817871	76.291000
1761584814877151	81.361000
1761584814929491	79.242000
1761584814988631	84.127000
1761584815041148	82.274000
1761584815092738	79.463000
1761584815149620	81.892000
1761584815200664	78.673000
1761584815259370	82.718000
1761584815311606	80.554000
1761584815363019	77.929000
1761584815421839	82.457000
1761584815473866	80.467000
1761584815525827	78.378000
1761584815583532	81.646000
1761584815635858	79.604000
1761584815693742	83.076000
1761584815745551	80.525000
1761584815798167	79.208000
1761584815855022	80.570000
1761584815911900	82.679000
1761584815962985	78.755000
1761584816020040	80.886000
1761584816071010	77.502000
1761584816128070	79.897000
1761584816179454	76.842000
1761584816236150	78.727000
1761584816293253	80.840000
1761584816344183	77.478000
1761584816401273	79.419000
1761584816458068	81.395000
1761584816509393	78.279000
1761584816566367	80.269000
1761584816617832	77.282000
1761584816675885	80.178000
1761584816732187	81.883000
1761584816783943	79.170000
1761584816840761	81.121000
1761584816897276	82.382000
1761584816949180	79.132000
1761584817005534	80.120000
1761584817057912	77.717000
1761584817115659	80.890000
1761584817166849	77.432000
1761584817224653	80.173000
1761584817281815	82.691000
1761584817333434	79.221000
1761584817390394	81.522000
1761584817442096	78.435000
1761584817499913	81.585000
1761584817551325	78.422000
1761584817609340	81.838000
1761584817658911	76.808000
1761584817717874	81.091000
1761584817769680	78.384000
1761584817828028	81.898000
1761584817883722	82.766000
1761584817935548	79.328000
1761584817992604	81.824000
1761584818043886	78.417000
1761584818101043	80.684000
1761584818158137	83.076000
1761584818210563	80.603000
1761584818266621	82.185000
1761584818317508	78.101000
1761584818375052	80.995000
1761584818425917	77.505000
1761584818483261	80.002000
1761584818534771	77.096000
1761584818591462	78.886000
1761584818648523	81.227000
1761584818699801	77.742000
1761584818757015	80.329000
1761584818813685	82.798000
1761584818865035	79.292000
1761584818922257	81.988000
1761584818973036	77.563000
1761584819029978	80.088000
1761584819086032	81.565000
1761584819137147	78.917000
1761584819193816	81.626000
1761584819245799	79.724000
1761584819301108	80.847000
1761584819352172	78.186000
1761584819408304	80.030000
1761584819458461	76.590000
1761584819516428	80.417000
1761584819567080	77.146000
1761584819623762	79.409000
1761584819680391	82.062000
1761584819731496	78.770000
1761584819788172	81.075000
1761584819838898	77.676000
1761584819895744	80.125000
1761584819946483	76.833000
1761584820003767	79.772000
1761584820059987	81.655000
1761584820111266	78.537000
1761584820167234	80.075000
1761584820217755	76.466000
1761584820275632	79.861000
1761584820325983	76.192000
1761584820382582	77.494000
1761584820439684	79.960000
1761584820490544	76.242000
1761584820549279	80.421000
1761584820605926	82.558000
1761584820657348	79.261000
1761584820714047	81.628000
1761584820764903	78.329000
1761584820821074	80.062000
1761584820873327	77.907000
1761584820929597	79.833000
1761584820986612	82.598000
1761584821039026	80.575000
1761584821096597	83.730000
1761584821148875	81.501000
1761584821200751	79.218000
1761584821259342	83.274000
1761584821310619	79.962000
1761584821368414	83.350000
1761584821420514	80.986000
1761584821472541	78.524000
1761584821530133	81.432000
1761584821582204	79.246000
1761584821640093	82.524000
1761584821692152	80.036000
1761584821743783	77.111000
1761584821801955	80.719000
1761584821854062	78.400000
1761584821911836	81.412000
1761584821964035	79.724000
1761584822021263	81.963000
1761584822072401	78.459000
1761584822128951	80.709000
1761584822179677	77.507000
1761584822235965	79.659000
1761584822292191	81.670000
1761584822343464	77.533000
1761584822399576	78.515000
1761584822456024	80.217000
1761584822507063	76.660000
1761584822563541	78.567000
1761584822619783	80.078000
1761584822676231	81.993000
1761584822726980	77.877000
1761584822783337	79.474000
1761584822838230	79.810000
1761584822889072	76.083000
1761584822946144	78.533000
1761584823003686	81.499000
1761584823054373	77.644000
1761584823111870	80.027000
1761584823168771	82.169000
1761584823220511	78.965000
1761584823277797	81.448000
1761584823329365	78.057000
1761584823386963	80.741000
1761584823443952	83.084000
1761584823495305	79.794000
1761584823547619	77.904000
1761584823602757	78.574000
1761584823654396	76.200000
1761584823711843	79.345000
1761584823765023	78.438000
1761584823820712	79.854000
1761584823873268	78.168000
1761584823930743	81.474000
1761584823982450	79.321000
1761584824039365	80.743000
1761584824090999	77.773000
1761584824148731	80.903000
1761584824206161	82.839000
1761584824258603	81.013000
1761584824309980	78.250000
1761584824367159	81.262000
1761584824419488	79.395000
1761584824476883	82.397000
1761584824528890	80.244000
1761584824580379	77.740000
1761584824638045	81.088000
1761584824689834	78.819000
1761584824747349	82.061000
1761584824799157	79.537000
1761584824856895	82.863000
1761584824908835	80.568000
1761584824960672	78.198000
1761584825018072	81.191000
1761584825069675	78.844000
1761584825127377	82.293000
1761584825178735	79.661000
1761584825235358	82.304000
1761584825287097	79.248000
1761584825343752	81.368000
1761584825395161	78.271000
1761584825451973	80.357000
1761584825503325	77.220000
1761584825560247	79.397000
1761584825617005	81.603000
1761584825668393	78.086000
1761584825725183	79.825000
1761584825782356	82.093000
1761584825833595	78.533000
1761584825890789	80.706000
1761584825941708	77.122000
1761584825998661	79.260000
1761584826055465	81.383000
1761584826106916	77.979000
1761584826163848	80.104000
1761584826221193	82.600000
1761584826272317	78.479000
1761584826329300	80.784000
1761584826380651	77.513000
1761584826437804	79.597000
1761584826494816	81.590000
1761584826545912	77.911000
1761584826602932	80.225000
1761584826659974	82.679000
1761584826711327	79.240000
1761584826768233	81.616000
1761584826819615	78.241000
1761584826876914	80.713000
1761584826933520	82.677000
1761584826984903	79.190000
1761584827041746	81.064000
1761584827093246	77.786000
1761584827150380	80.350000
1761584827201652	77.319000
1761584827258375	78.707000
1761584827315206	80.913000
1761584827366460	77.314000
1761584827422438	78.532000
1761584827479476	80.570000
1761584827530530	77.101000
1761584827586834	78.722000
1761584827643494	81.017000
1761584827693937	76.969000
1761584827749548	77.699000
1761584827807795	81.380000
1761584827858865	77.467000
1761584827920145	84.039000
1761584827970389	79.788000
1761584828021511	75.848000
1761584828079043	78.790000
1761584828136043	81.028000
1761584828187306	77.670000
1761584828243999	79.179000
1761584828302336	82.603000
1761584828353831	79.160000
1761584828411260	81.797000
1761584828463491	79.306000
1761584828521285	82.556000
1761584828572899	79.409000
1761584828631168	82.699000
1761584828683367	79.712000
1761584828741058	82.918000
1761584828793291	80.297000
1761584828845248	77.602000
1761584828903268	80.229000
1761584828955283	77.599000
1761584829013149	80.526000
1761584829065509	78.201000
1761584829123063	80.780000
1761584829174858	77.837000
1761584829232993	80.888000
1761584829285273	78.543000
1761584829342522	80.838000
1761584829394084	77.795000
1761584829451499	80.552000
1761584829503085	77.673000
1761584829560505	80.110000
1761584829612003	77.201000
1761584829669401	80.024000
1761584829726338	82.395000
1761584829777966	79.128000
1761584829835601	81.606000
1761584829886979	78.140000
1761584829942923	79.391000
1761584829995777	77.448000
1761584830053043	79.939000
1761584830104911	77.117000
1761584830162020	79.421000
1761584830219169	81.653000
1761584830271562	79.187000
1761584830328071	80.481000
1761584830386178	83.385000
1761584830438449	81.057000
1761584830490760	78.689000
1761584830548744	82.127000
1761584830601008	79.487000
1761584830658992	82.705000
1761584830711172	80.141000
1761584830768857	83.148000
1761584830821416	81.242000
1761584830873658	81.980000
1761584830926088	79.838000
1761584830978217	77.416000
1761584831036037	80.683000
1761584831088204	78.435000
1761584831146340	82.039000
1761584831198869	80.224000
1761584831256558	83.405000
1761584831308884	81.363000
1761584831360989	78.978000
1761584831417719	80.235000
1761584831474113	81.953000
1761584831524387	77.287000
1761584831581633	79.956000
1761584831637809	81.604000
1761584831688940	77.832000
1761584831745130	79.439000
1761584831801423	81.160000
1761584831852055	76.885000
1761584831908948	79.132000
1761584831965130	80.768000
1761584832016175	77.141000
1761584832072758	78.406000
1761584832129208	79.977000
1761584832179796	76.096000
1761584832236517	78.046000
1761584832292822	79.499000
1761584832349245	81.738000
1761584832400013	77.833000
1761584832457469	80.292000
1761584832514670	82.480000
1761584832566547	79.540000
1761584832623887	82.397000
1761584832675896	79.519000
1761584832732971	81.605000
1761584832784161	77.712000
1761584832841930	80.590000
1761584832899594	83.501000
1761584832951008	80.414000
1761584833008071	82.996000
1761584833060044	79.645000
1761584833117418	82.266000
1761584833168983	78.771000
1761584833226432	81.683000
1761584833278726	79.221000
1761584833335438	81.242000
1761584833387139	78.153000
1761584833444602	81.137000
1761584833509361	90.382000
1761584833551758	78.368000
1761584833608136	80.275000
1761584833659476	77.148000
1761584833715034	77.522000
1761584833771885	79.445000
1761584833828043	81.237000
1761584833878918	77.411000
1761584833935670	79.253000
1761584833992010	80.805000
1761584834043036	76.572000
1761584834099314	78.733000
1761584834155149	80.319000
1761584834206109	77.262000
1761584834262685	79.196000
1761584834319616	82.143000
1761584834369712	78.172000
1761584834426343	80.367000
1761584834477108	76.920000
1761584834533612	79.078000
1761584834590126	81.189000
1761584834641176	78.273000
1761584834697813	80.704000
1761584834748818	77.554000
1761584834805166	79.463000
1761584834862236	82.372000
1761584834912961	79.002000
1761584834969482	81.293000
1761584835020406	78.328000
1761584835076775	80.241000
1761584835127902	77.302000
1761584835184762	79.465000
1761584835240741	81.223000
1761584835292297	78.577000
1761584835348640	80.316000
1761584835399728	77.468000
1761584835456603	80.259000
1761584835507181	76.797000
1761584835564415	79.635000
1761584835621485	82.425000
1761584835673069	79.438000
1761584835730067	82.021000
1761584835782205	79.631000
1761584835838850	81.960000
1761584835890397	79.159000
1761584835947687	82.324000
1761584835999007	79.817000
1761584836050735	77.663000
1761584836107622	80.418000
1761584836159299	78.222000
1761584836216461	81.071000
1761584836268170	78.689000
1761584836325058	81.073000
1761584836375979	77.933000
1761584836433632	81.274000
1761584836485389	79.249000
1761584836542641	82.255000
1761584836593994	79.145000
1761584836650929	81.798000
1761584836702231	78.978000
1761584836759234	81.751000
1761584836810727	78.962000
1761584836867708	81.494000
1761584836919128	78.937000
1761584836976038	81.656000
1761584837027913	79.590000
1761584837084527	81.187000
1761584837135917	77.849000
1761584837193045	80.208000
1761584837244016	77.315000
1761584837301400	80.498000
1761584837358279	83.306000
1761584837409564	80.506000
1761584837461360	78.428000
1761584837518170	80.662000
1761584837569355	77.676000
1761584837625994	79.642000
1761584837676893	76.328000
1761584837733783	78.700000
1761584837790182	80.912000
1761584837840770	77.504000
1761584837898052	80.774000
1761584837948278	76.738000
1761584838004455	77.668000
1761584838061390	79.661000
1761584838117973	81.765000
1761584838169082	77.903000
1761584838225553	79.806000
1761584838281990	81.663000
1761584838333138	78.374000
1761584838389409	79.948000
1761584838445989	82.173000
1761584838497022	78.501000
1761584838553461	80.369000
1761584838604638	76.790000
1761584838661777	78.774000
1761584838719206	81.631000
1761584838771077	78.461000
1761584838828790	81.415000
1761584838879832	77.482000
1761584838937746	80.717000
1761584838989110	77.449000
1761584839047030	80.262000
1761584839104234	82.873000
1761584839155785	79.651000
1761584839212995	82.455000
1761584839264993	79.319000
1761584839322406	82.046000
1761584839374061	78.691000
1761584839431431	81.384000
1761584839483183	78.365000
1761584839540358	80.684000
1761584839592001	77.589000
1761584839649882	80.402000
1761584839707130	82.969000
1761584839758986	79.493000
1761584839816187	81.750000
1761584839867958	78.998000
1761584839925102	81.442000
1761584839977234	78.951000
1761584840034673	81.393000
1761584840086660	78.641000
1761584840144172	81.169000
1761584840195681	77.855000
1761584840253395	80.960000
1761584840305210	78.083000
1761584840362435	80.576000
1761584840414003	77.608000
1761584840471978	80.479000
1761584840529181	83.094000
1761584840580920	79.679000
1761584840638355	82.999000
1761584840690057	79.404000
1761584840746875	81.529000
1761584840798057	78.174000
1761584840854953	80.096000
1761584840911668	82.066000
1761584840963204	79.361000
1761584841019872	81.281000
1761584841071034	77.981000
1761584841126284	78.489000
1761584841183129	80.672000
1761584841235265	77.983000
1761584841293454	81.202000
1761584841349398	82.317000
1761584841400456	79.352000
1761584841457374	81.867000
1761584841508541	79.145000
1761584841565503	82.113000
1761584841616446	78.972000
1761584841673067	81.092000
1761584841724344	78.469000
1761584841781222	80.502000
1761584841831751	76.937000
1761584841888514	79.719000
1761584841944822	81.965000
1761584841995698	78.857000
1761584842051936	80.714000
1761584842102739	77.694000
1761584842159441	80.281000
1761584842210174	76.955000
1761584842266873	78.404000
1761584842323488	80.079000
1761584842373950	76.434000
1761584842430729	78.923000
1761584842487144	80.942000
1761584842538103	77.807000
1761584842594337	80.149000
1761584842645189	76.594000
1761584842701787	79.230000
1761584842758440	81.758000
1761584842810391	79.621000
1761584842868072	83.002000
1761584842920086	80.713000
1761584842971999	77.218000
1761584843030428	81.016000
1761584843087984	83.976000
1761584843139804	80.938000
1761584843191907	78.284000
1761584843249994	81.507000
1761584843303431	79.851000
1761584843359628	81.199000
1761584843411337	78.003000
1761584843469036	80.872000
1761584843521056	77.892000
1761584843578757	80.972000
1761584843630901	78.573000
1761584843688701	81.882000
1761584843740767	79.001000
1761584843798238	81.303000
1761584843849662	77.938000
1761584843906933	80.217000
1761584843963606	82.186000
1761584844015082	78.717000
1761584844072166	81.162000
1761584844123825	78.574000
1761584844180738	80.444000
1761584844237633	82.694000
1761584844288947	78.533000
1761584844346108	81.077000
1761584844397939	77.919000
1761584844454552	79.531000
1761584844511607	82.004000
1761584844562923	78.307000
1761584844620027	80.452000
1761584844676797	82.246000
1761584844728349	78.940000
1761584844785256	81.195000
1761584844836602	77.549000
1761584844893449	79.443000
1761584844950044	81.672000
1761584845000887	77.466000
1761584845057866	79.484000
1761584845114388	81.182000
1761584845165407	77.508000
1761584845222367	79.957000
1761584845278956	81.864000
1761584845329654	77.892000
1761584845386828	80.464000
1761584845437768	77.057000
1761584845494386	78.872000
1761584845550963	80.888000
1761584845602012	77.185000
1761584845658859	79.594000
1761584845715646	81.628000
1761584845766427	77.704000
1761584845823323	79.745000
1761584845879801	81.515000
1761584845930918	77.762000
1761584845989406	81.211000
1761584846041124	78.183000
1761584846098763	81.012000
1761584846150407	77.664000
1761584846208063	80.212000
1761584846265384	82.752000
1761584846317535	80.022000
1761584846374777	82.363000
1761584846426356	79.208000
1761584846483897	82.034000
1761584846535779	79.227000
1761584846593414	82.108000
1761584846644934	79.108000
1761584846702392	82.042000
1761584846754132	79.337000
1761584846812001	82.629000
1761584846863804	79.747000
1761584846921172	82.019000
1761584846971819	77.654000
1761584847029011	79.537000
1761584847085316	81.638000
1761584847136311	77.677000
1761584847193040	79.517000
1761584847250032	81.995000
1761584847300720	77.766000
1761584847357858	79.923000
1761584847414717	82.273000
1761584847465313	77.989000
1761584847522012	79.797000
1761584847572920	76.162000
1761584847630173	79.158000
1761584847686673	80.297000
1761584847737913	77.046000
1761584847794204	78.893000
1761584847851039	81.183000
1761584847901738	77.369000
1761584847959008	80.025000
1761584848016301	82.752000
1761584848068091	79.774000
1761584848119845	76.976000
1761584848177404	79.673000
1761584848234808	82.461000
1761584848286756	79.324000
1761584848344276	82.320000
1761584848396149	79.349000
1761584848453313	81.951000
1761584848505412	79.376000
1761584848562800	82.083000
1761584848614520	79.374000
1761584848671834	81.868000
1761584848723731	78.850000
1761584848781085	81.252000
1761584848832855	78.781000
1761584848890439	81.550000
1761584848942296	78.684000
1761584848999583	81.093000
1761584849050941	77.954000
1761584849107688	80.197000
1761584849164358	82.335000
1761584849215977	79.221000
1761584849272619	81.235000
1761584849324098	77.528000
1761584849380746	79.505000
1761584849436967	81.379000
1761584849488606	78.269000
1761584849545457	80.338000
1761584849596552	76.878000
1761584849653411	78.860000
1761584849710336	81.086000
1761584849761134	77.201000
1761584849818148	79.168000
1761584849875015	81.215000
1761584849926109	77.455000
1761584849983195	79.616000
1761584850039885	81.682000
1761584850091808	79.016000
1761584850148948	81.335000
1761584850200514	78.284000
1761584850258104	81.004000
1761584850309811	78.464000
1761584850367291	81.494000
1761584850418843	78.088000
1761584850476564	80.914000
1761584850528173	77.638000
1761584850585515	79.990000
1761584850642950	82.849000
1761584850694912	79.766000
1761584850752036	82.162000
1761584850803862	78.918000
1761584850861311	81.288000
1761584850912916	78.361000
1761584850970523	81.236000
1761584851021973	78.102000
1761584851079470	80.628000
1761584851131143	77.634000
1761584851188325	80.093000
1761584851245391	82.436000
1761584851297207	79.582000
1761584851354225	81.970000
1761584851405754	78.668000
1761584851463020	81.205000
1761584851520265	83.362000
1761584851571752	79.660000
1761584851628836	81.861000
1761584851680402	78.394000
1761584851737525	80.427000
1761584851789078	77.390000
1761584851846052	79.557000
1761584851897795	76.915000
1761584851955088	79.220000
1761584852012083	81.463000
1761584852063413	77.771000
1761584852121045	80.578000
1761584852172284	76.636000
1761584852227975	77.152000
1761584852285062	79.626000
1761584852336707	77.627000
1761584852393742	80.306000
1761584852447067	79.364000
1761584852504030	81.987000
1761584852555359	79.174000
1761584852613716	83.419000
1761584852664646	80.014000
1761584852721745	82.840000
1761584852773389	79.979000
1761584852824873	77.202000
1761584852882062	80.296000
1761584852939075	83.023000
1761584852990906	80.582000
1761584853042426	77.759000
1761584853099572	80.780000
1761584853151203	78.339000
1761584853208476	80.630000
1761584853265465	82.879000
1761584853317405	80.329000
1761584853374202	83.122000
1761584853426063	81.453000
1761584853476281	77.166000
1761584853534332	79.847000
1761584853590613	81.325000
1761584853642187	78.172000
1761584853701497	82.926000
1761584853753427	79.782000
1761584853809257	80.626000
1761584853867496	84.201000
1761584853917738	79.695000
1761584853974837	82.270000
1761584854026529	78.870000
1761584854084411	81.882000
1761584854136073	78.881000
1761584854191946	80.168000
1761584854244136	77.253000
1761584854301157	79.512000
1761584854354188	77.594000
1761584854409902	78.506000
1761584854467859	81.848000
1761584854518771	77.805000
1761584854572996	76.837000
1761584854630617	79.795000
1761584854687652	82.067000
1761584854738705	78.764000
1761584854792793	77.787000
1761584854849926	80.276000
1761584854904822	80.558000
1761584854956713	77.924000
1761584855012336	78.641000
1761584855069453	81.077000
1761584855125061	82.006000
1761584855173971	76.274000
1761584855232292	80.027000
1761584855288695	81.993000
1761584855340969	79.321000
1761584855396418	79.843000
1761584855449129	77.699000
1761584855507036	80.535000
1761584855564025	82.860000
1761584855616095	80.151000
1761584855672412	81.986000
1761584855724489	78.964000
1761584855781635	81.193000
1761584855833532	78.403000
1761584855888801	78.597000
1761584855941898	77.143000
1761584855999353	79.777000
1761584856054881	80.701000
1761584856107023	77.852000
1761584856165041	81.191000
1761584856216986	78.539000
1761584856274177	80.637000
1761584856331451	82.773000
1761584856381942	78.100000
1761584856439008	80.166000
1761584856491562	78.118000
1761584856547592	79.189000
1761584856606363	83.410000
1761584856657976	80.265000
1761584856715679	83.198000
1761584856765905	78.765000
1761584856824001	82.187000
1761584856875674	78.722000
1761584856932611	80.713000
1761584856984430	77.862000
1761584857040583	78.993000
1761584857099178	83.048000
1761584857150281	79.782000
1761584857208092	82.991000
1761584857258375	78.134000
1761584857314884	79.861000
1761584857367424	77.645000
1761584857424127	79.054000
1761584857479015	78.900000
1761584857537072	82.256000
1761584857588240	78.390000
1761584857644436	79.638000
1761584857701706	82.448000
1761584857750829	76.928000
1761584857809101	80.284000
1761584857865957	81.963000
1761584857915274	77.427000
1761584857973301	81.032000
1761584858024579	78.526000
1761584858079264	78.965000
1761584858130665	76.233000
1761584858188766	79.945000
1761584858245020	82.203000
1761584858296271	79.338000
1761584858352973	82.039000
1761584858404748	79.878000
1761584858462330	83.139000
1761584858513348	79.748000
1761584858568670	80.949000
1761584858622157	80.360000
1761584858678919	82.795000
1761584858730458	79.925000
1761584858780388	75.677000
1761584858839650	80.453000
1761584858890353	77.064000
1761584858947879	80.199000
1761584858999377	77.615000
1761584859054786	78.632000
1761584859108013	77.870000
1761584859165501	80.844000
1761584859217143	78.347000
1761584859274085	80.807000
1761584859323827	76.390000
1761584859382869	80.852000
1761584859434706	78.719000
1761584859490537	80.211000
1761584859542639	78.004000
1761584859601166	82.040000
1761584859653176	79.702000
1761584859704899	77.107000
1761584859762913	80.474000
1761584859820233	83.255000
1761584859872253	81.004000
1761584859924254	78.754000
1761584859981836	82.231000
1761584860034074	80.254000
1761584860091281	83.031000
1761584860142930	80.262000
1761584860198925	82.065000
1761584860252436	81.161000
1761584860303055	77.649000
1761584860361879	82.136000
1761584860412742	78.704000
1761584860470285	80.886000
1761584860521339	77.226000
1761584860578438	79.609000
1761584860635125	81.730000
1761584860686517	77.995000
1761584860743081	79.792000
1761584860794058	76.262000
1761584860850949	78.113000
1761584860907712	80.163000
1761584860964447	82.459000
1761584861015867	79.078000
1761584861072691	81.128000
1761584861123375	77.142000
1761584861179219	78.097000
1761584861236582	80.746000
1761584861288468	77.416000
1761584861347797	81.690000
1761584861402183	81.117000
1761584861461150	85.288000
1761584861510385	79.331000
1761584861566101	80.353000
1761584861619809	79.307000
1761584861677200	81.957000
1761584861728708	79.009000
1761584861785454	81.065000
1761584861838452	79.316000
1761584861895850	81.842000
1761584861948070	79.610000
1761584862005166	81.944000
1761584862062784	84.561000
1761584862120743	87.486000
1761584862165527	77.493000
1761584862224449	81.620000
1761584862280530	82.676000
1761584862337459	84.614000
1761584862382981	75.500000
1761584862443473	81.292000
1761584862494326	77.551000
1761584862548593	76.524000
1761584862605495	79.232000
1761584862661055	80.525000
1761584862711294	76.638000
1761584862766877	78.015000
1761584862822211	79.234000
1761584862878135	81.063000
1761584862928109	76.796000
1761584862983671	77.850000
1761584863039426	79.416000
1761584863095066	80.876000
1761584863145504	77.411000
1761584863200473	78.470000
1761584863256239	79.970000
1761584863306112	75.669000
1761584863361644	77.341000
1761584863417466	78.992000
1761584863473480	80.613000
1761584863522964	76.262000
1761584863580959	80.160000
1761584863638428	83.204000
1761584863690349	80.700000
1761584863742022	78.326000
1761584863799693	81.534000
1761584863851336	79.249000
1761584863909180	83.026000
1761584863961276	80.914000
1761584864013023	78.302000
1761584864070639	81.601000
1761584864122565	79.383000
1761584864179691	82.288000
1761584864232180	80.378000
1761584864289417	83.376000
1761584864341837	81.467000
1761584864393603	79.182000
1761584864451414	82.655000
1761584864503279	80.258000
1761584864559963	82.930000
1761584864611592	80.399000
1761584864662437	77.123000
1761584864718758	78.894000
1761584864775457	81.489000
1761584864826154	77.929000
1761584864882698	80.349000
1761584864933404	76.940000
1761584864990227	79.647000
1761584865046776	82.122000
1761584865097099	78.142000
1761584865154087	80.736000
1761584865204603	77.125000
1761584865260961	79.152000
1761584865317482	81.413000
1761584865368283	78.209000
1761584865425028	80.551000
1761584865481193	82.059000
1761584865531928	77.925000
1761584865588727	80.032000
1761584865645424	81.650000
1761584865697450	79.204000
1761584865754035	81.427000
1761584865805156	78.348000
1761584865862158	80.883000
1761584865913316	78.051000
1761584865979721	90.022000
1761584866022348	78.410000
1761584866077011	78.139000
1761584866135794	82.289000
1761584866186780	78.899000
1761584866243547	80.850000
1761584866294843	77.407000
1761584866352218	79.897000
1761584866408864	81.978000
1761584866460210	78.399000
1761584866517161	80.677000
1761584866568360	77.360000
1761584866625420	79.874000
1761584866681953	81.661000
1761584866732403	77.632000
1761584866789171	79.962000
1761584866839881	76.352000
1761584866896777	79.222000
1761584866953137	81.524000
1761584867003870	78.296000
1761584867060688	80.655000
1761584867111658	77.691000
1761584867168078	78.615000
1761584867224493	80.435000
1761584867275738	77.059000
1761584867331841	78.216000
1761584867388574	80.260000
1761584867445765	82.754000
1761584867495828	78.003000
1761584867552532	79.818000
1761584867609746	82.231000
1761584867659934	77.321000
1761584867717323	79.512000
1761584867774241	82.141000
1761584867825786	79.450000
1761584867882873	82.482000
1761584867934386	79.893000
1761584867985394	76.707000
1761584868042956	79.888000
1761584868100081	82.949000
1761584868151186	79.818000
1761584868202851	77.149000
1761584868260183	80.182000
1761584868316749	82.746000
1761584868368789	80.525000
1761584868426074	82.455000
1761584868477356	79.090000
1761584868534585	81.769000
1761584868585906	78.229000
1761584868643450	81.021000
1761584868694489	77.238000
1761584868751130	78.428000
1761584868808319	81.043000
1761584868859252	77.553000
1761584868916005	79.807000
1761584868972810	81.928000
1761584869023866	78.227000
1761584869080789	80.525000
1761584869132139	77.501000
1761584869187331	77.582000
1761584869245125	80.734000
1761584869296470	77.278000
1761584869353022	79.168000
1761584869410005	81.318000
1761584869460882	77.554000
1761584869517822	79.447000
1761584869574943	81.749000
1761584869625677	77.152000
1761584869682317	78.911000
1761584869739617	81.299000
1761584869791085	77.961000
1761584869849518	81.576000
1761584869901463	78.498000
1761584869959637	82.185000
1761584870011537	79.312000
1761584870069065	82.424000
1761584870121988	80.712000
1761584870174066	78.273000
1761584870232065	81.345000
1761584870284097	78.833000
1761584870342040	82.332000
1761584870394033	79.297000
1761584870452763	83.392000
1761584870504057	79.772000
1761584870556692	77.962000
1761584870614429	80.399000
1761584870666710	78.128000
1761584870724626	81.093000
1761584870776860	78.418000
1761584870834166	80.427000
1761584870891822	83.517000
1761584870943404	80.123000
1761584871000523	82.739000
1761584871052003	79.357000
1761584871109597	82.405000
1761584871161437	79.544000
1761584871218846	82.434000
1761584871270678	79.511000
1761584871327702	81.597000
1761584871379380	78.599000
1761584871437293	81.682000
1761584871488551	78.365000
1761584871546238	80.878000
1761584871597573	77.784000
1761584871654864	80.269000
1761584871712049	82.764000
1761584871763950	79.660000
1761584871822039	83.216000
1761584871872958	78.846000
1761584871929278	79.863000
1761584871985652	81.943000
1761584872036660	79.098000
1761584872093087	81.342000
1761584872143970	78.109000
1761584872201093	81.001000
1761584872251731	77.525000
1761584872308563	80.065000
1761584872364983	82.156000
1761584872416070	79.015000
1761584872472898	81.524000
1761584872523353	78.033000
1761584872580567	80.909000
1761584872630865	77.402000
1761584872687568	80.069000
1761584872738364	76.910000
1761584872795257	79.749000
1761584872851790	81.966000
1761584872902954	78.929000
1761584872960213	81.980000
1761584873011347	78.594000
1761584873068083	80.341000
1761584873124662	82.493000
1761584873176499	79.454000
1761584873232807	81.473000
1761584873284016	78.948000
1761584873340858	81.784000
1761584873391926	78.850000
1761584873449895	81.645000
1761584873505869	82.746000
1761584873556270	77.400000
1761584873613369	79.358000
1761584873670407	81.891000
1761584873721341	78.323000
1761584873778566	80.693000
1761584873829521	77.493000
1761584873886181	79.041000
1761584873942846	81.001000
1761584873993699	77.367000
1761584874050076	79.638000
1761584874106025	81.555000
1761584874156844	78.140000
1761584874213755	80.806000
1761584874264285	77.300000
1761584874320832	79.358000
1761584874377199	81.166000
1761584874427630	77.237000
1761584874484454	79.861000
1761584874540705	81.746000
1761584874591126	78.042000
1761584874647748	80.213000
1761584874704177	82.232000
1761584874755103	78.747000
1761584874811395	80.634000
1761584874862315	77.218000
1761584874918688	79.300000
1761584874975817	82.092000
1761584875027050	79.017000
1761584875084051	81.791000
1761584875135000	78.347000
1761584875194658	83.472000
1761584875243568	77.943000
1761584875300853	80.576000
1761584875351679	77.229000
1761584875409350	80.539000
1761584875465939	82.733000
1761584875516977	79.346000
1761584875573916	81.917000
1761584875625157	78.684000
1761584875682586	81.566000
1761584875733300	78.058000
1761584875790622	81.069000
1761584875841774	78.138000
1761584875898845	80.547000
1761584875950023	78.153000
1761584876006067	79.063000
1761584876063430	81.923000
1761584876114488	78.287000
1761584876171206	80.478000
1761584876227933	82.596000
1761584876278727	78.743000
1761584876335633	80.654000
1761584876386513	77.082000
1761584876442964	78.509000
1761584876500061	80.688000
1761584876556048	82.178000
1761584876607282	78.567000
1761584876664043	80.579000
1761584876720509	82.141000
1761584876771461	78.428000
1761584876828739	80.808000
1761584876879281	76.760000
1761584876936208	79.216000
1761584876993014	80.950000
1761584877049768	82.837000
1761584877100878	78.839000
1761584877158079	81.383000
1761584877209342	78.258000
1761584877266318	80.194000
1761584877317286	76.847000
1761584877374673	79.479000
1761584877432023	82.463000
1761584877483067	78.383000
1761584877539979	80.691000
1761584877597043	82.709000
1761584877647850	78.822000
1761584877704848	81.271000
