1761211804605475	 64544
1761211804658230	 64544
1761211804710969	 64544
1761211804770619	 64544
1761211804824315	 64544
1761211804878408	 64544
1761211804934194	 64544
1761211804991253	 64544
1761211805052746	 64544
1761211805113078	 64544
1761211805166925	 64544
1761211805228471	 64544
1761211805289942	 64544
1761211805351365	 64544
1761211805412716	 64544
1761211805474198	 64544
1761211805535569	 64544
1761211805589227	 64544
1761211805650745	 64544
1761211805712188	 64544
1761211805773753	 64544
1761211805834987	 64544
1761211805893367	 64544
1761211805949345	 64544
1761211806002699	 64544
1761211806056577	 64544
1761211806109461	 64544
1761211806164311	 64544
1761211806217192	 64544
1761211806272789	 64544
1761211806326082	 64544
1761211806379736	 64544
1761211806434037	 64544
1761211806488494	 64544
1761211806545468	 64544
1761211806602451	 64544
1761211806656850	 64544
1761211806709898	 64544
1761211806764801	 64544
1761211806817633	 64544
1761211806872550	 64544
1761211806926220	 64544
1761211806982740	 64544
1761211807040450	 64544
1761211807097488	 64544
1761211807151275	 64544
1761211807205419	 64544
1761211807259848	 64544
1761211807314630	 64544
1761211807369495	 64544
1761211807424835	 64544
1761211807481277	 64544
1761211807534183	 64544
1761211807587055	 64544
1761211807644596	 64544
1761211807697441	 64544
1761211807750363	 64544
1761211807803251	 64544
1761211807858183	 64544
1761211807912328	 64544
1761211807966701	 64544
1761211808021923	 64544
1761211808076605	 64544
1761211808131044	 64544
1761211808185557	 64544
1761211808240242	 64544
1761211808296124	 64544
1761211808351648	 64544
1761211808406199	 64544
1761211808461022	 64544
1761211808517479	 64544
1761211808571547	 64544
1761211808626445	 64544
1761211808681058	 64544
1761211808735034	 64544
1761211808787920	 64544
1761211808840895	 64544
1761211808894082	 64544
1761211808948676	 64544
1761211809003023	 64544
1761211809058660	 64544
1761211809112023	 64544
1761211809167279	 64544
1761211809221252	 64544
1761211809274424	 64544
1761211809327712	 64544
1761211809381750	 64544
1761211809437121	 64544
1761211809491828	 64544
1761211809547206	 64544
1761211809600077	 64544
1761211809652965	 64544
1761211809705990	 64544
1761211809760322	 64544
1761211809814974	 64544
1761211809869404	 64544
1761211809925154	 64544
1761211809978070	 64544
1761211810031739	 64544
1761211810085845	 64544
1761211810140445	 64544
1761211810193351	 64544
1761211810248155	 64544
1761211810302438	 64544
1761211810357062	 64544
1761211810410384	 64544
1761211810463302	 64544
1761211810517567	 64544
1761211810571855	 64544
1761211810626078	 64544
1761211810679351	 64544
1761211810732632	 64544
1761211810785983	 64544
1761211810839180	 64544
1761211810892109	 64544
1761211810944943	 64544
1761211810997807	 64544
1761211811050746	 64544
1761211811103579	 64544
1761211811157035	 64544
1761211811209962	 64544
1761211811263131	 64544
1761211811315872	 64544
1761211811368786	 64544
1761211811423832	 64544
1761211811481181	 64544
1761211811534721	 64544
1761211811588595	 64544
1761211811645435	 64544
1761211811699445	 64544
1761211811753867	 64544
1761211811806703	 64544
1761211811860874	 64544
1761211811915288	 64544
1761211811970062	 64544
1761211812024904	 64544
1761211812079028	 64544
1761211812131970	 64544
1761211812185752	 64544
1761211812238732	 64544
1761211812292613	 64544
1761211812345539	 64544
1761211812398525	 64544
1761211812453393	 64544
1761211812507619	 64544
1761211812560532	 64544
1761211812614573	 64544
1761211812668754	 64544
1761211812723017	 64544
1761211812777819	 64544
1761211812831304	 64544
1761211812885514	 64544
1761211812941639	 64544
1761211812997690	 64544
1761211813052994	 64544
1761211813106987	 64544
1761211813163186	 64544
1761211813219492	 64544
1761211813275750	 64544
1761211813331855	 64544
1761211813388119	 64544
1761211813444014	 64544
1761211813498351	 64544
1761211813553083	 64544
1761211813606622	 64544
1761211813661895	 64544
1761211813716709	 64544
1761211813772475	 64544
1761211813827320	 64544
1761211813880449	 64544
1761211813933374	 64544
1761211813986305	 64544
1761211814039323	 64544
1761211814093158	 64544
1761211814147041	 64544
1761211814200644	 64544
1761211814254079	 64544
1761211814307316	 64544
1761211814361964	 64544
1761211814415656	 64544
1761211814470252	 64544
1761211814524528	 64544
1761211814578891	 64544
1761211814633201	 64544
1761211814687618	 64544
1761211814740496	 64544
1761211814793422	 64544
1761211814848345	 64544
1761211814901981	 64544
1761211814954914	 64544
1761211815009519	 64544
1761211815063681	 64544
1761211815116648	 64544
1761211815170063	 64544
1761211815224567	 64544
1761211815277960	 64544
1761211815330789	 64544
1761211815385175	 64544
1761211815439396	 64544
1761211815492653	 64544
1761211815548383	 64544
1761211815602836	 64544
1761211815657604	 64544
1761211815711733	 64544
1761211815765518	 64544
1761211815818435	 64544
1761211815871287	 64544
1761211815925302	 64544
1761211815979363	 64544
1761211816033138	 64544
1761211816086026	 64544
1761211816141704	 64544
1761211816196091	 64544
1761211816249579	 64544
1761211816303655	 64544
1761211816357095	 64544
1761211816411735	 64544
1761211816466133	 64544
1761211816521270	 64544
1761211816576600	 64544
1761211816632424	 64544
1761211816685314	 64544
1761211816739594	 64544
1761211816798626	 64544
1761211816853119	 64544
1761211816906370	 64544
1761211816959305	 64544
1761211817012375	 64544
1761211817065766	 64544
1761211817118807	 64544
1761211817174529	 64544
1761211817229251	 64544
1761211817284119	 64544
1761211817337303	 64544
1761211817390284	 64544
1761211817445654	 64544
1761211817499391	 64544
1761211817554862	 64544
1761211817609611	 64544
1761211817665117	 64544
1761211817720000	 64544
1761211817773124	 64544
1761211817825993	 64544
1761211817880297	 64544
1761211817934267	 64544
1761211817987509	 64544
1761211818042376	 64544
1761211818096751	 64544
1761211818154221	 64544
1761211818208676	 64544
1761211818263950	 64544
1761211818320977	 64544
1761211818376871	 64544
1761211818432020	 64544
1761211818486285	 64544
1761211818542761	 64544
1761211818596075	 64544
1761211818648983	 64544
1761211818701791	 64544
1761211818755535	 64544
1761211818810512	 64544
1761211818864495	 64544
1761211818918399	 64544
1761211818972307	 64544
1761211819025354	 64544
1761211819079634	 64544
1761211819132951	 64544
1761211819188394	 64544
1761211819242463	 64544
1761211819295368	 64544
1761211819349706	 64544
1761211819403285	 64544
1761211819456824	 64544
1761211819510507	 64544
1761211819564146	 64544
1761211819617219	 64544
1761211819671768	 64544
1761211819724853	 64544
1761211819779696	 64544
1761211819834353	 64544
1761211819888958	 64544
1761211819943248	 64544
1761211819996051	 64544
1761211820051501	 64544
1761211820106850	 64544
1761211820160980	 64544
1761211820213858	 64544
1761211820266908	 64544
1761211820321276	 64544
1761211820374346	 64544
1761211820427903	 64544
1761211820482075	 64544
1761211820535336	 64544
1761211820589938	 64544
1761211820642789	 64544
1761211820696809	 64544
1761211820750138	 64544
1761211820802919	 64544
1761211820855953	 64544
1761211820909516	 64544
1761211820963106	 64544
1761211821016755	 64544
1761211821071687	 64544
1761211821126390	 64544
1761211821180013	 64544
1761211821232854	 64544
1761211821289080	 64544
1761211821345459	 64544
1761211821402986	 64544
1761211821459958	 64544
1761211821516918	 64544
1761211821573222	 64544
1761211821629676	 64544
1761211821685618	 64544
1761211821742614	 64544
1761211821799736	 64544
1761211821855037	 64544
1761211821909917	 64544
1761211821964533	 64544
1761211822017430	 64544
1761211822071290	 64544
1761211822125578	 64544
1761211822181113	 64544
1761211822236299	 64544
1761211822291969	 64544
1761211822347023	 64544
1761211822401329	 64544
1761211822454595	 64544
1761211822507844	 64544
1761211822561006	 64544
1761211822614230	 64544
1761211822667524	 64544
1761211822720528	 64544
1761211822775354	 64544
1761211822829541	 64544
1761211822883838	 64544
1761211822938232	 64544
1761211822991787	 64544
1761211823046173	 64544
1761211823099077	 64544
1761211823153771	 64544
1761211823208068	 64544
1761211823262754	 64544
1761211823317210	 64544
1761211823371816	 64544
1761211823426667	 64544
1761211823480843	 64544
1761211823533586	 64544
1761211823587429	 64544
1761211823642293	 64544
1761211823696801	 64544
1761211823751346	 64544
1761211823807298	 64544
1761211823861899	 64544
1761211823916380	 64544
1761211823971677	 64544
1761211824025356	 64544
1761211824078647	 64544
1761211824133959	 64544
1761211824188808	 64544
1761211824243511	 64544
1761211824296403	 64544
1761211824351193	 64544
1761211824406008	 64544
1761211824459540	 64544
1761211824512751	 64544
1761211824566310	 64544
1761211824620125	 64544
1761211824674487	 64544
1761211824728752	 64544
1761211824784589	 64544
1761211824837988	 64544
1761211824894915	 64544
1761211824947964	 64544
1761211825002302	 64544
1761211825055219	 64544
1761211825108140	 64544
1761211825162472	 64544
1761211825217159	 64544
1761211825270090	 64544
1761211825324264	 64544
1761211825378009	 64544
1761211825432659	 64544
1761211825486243	 64544
1761211825541862	 64544
1761211825594786	 64544
1761211825651170	 64544
1761211825706025	 64544
1761211825760933	 64544
1761211825816029	 64544
1761211825869793	 64544
1761211825923759	 64544
1761211825977039	 64544
1761211826031853	 64544
1761211826087286	 64544
1761211826143250	 64544
1761211826197825	 64544
1761211826251623	 64544
1761211826307491	 64544
1761211826361620	 64544
1761211826416081	 64544
1761211826470181	 64544
1761211826526402	 64544
1761211826581751	 64544
1761211826636235	 64544
1761211826691105	 64544
1761211826744578	 64544
1761211826798885	 64544
1761211826852464	 64544
1761211826906026	 64544
1761211826960779	 64544
1761211827015275	 64544
1761211827069712	 64544
1761211827123740	 64544
1761211827178460	 64544
1761211827233940	 64544
1761211827289564	 64544
1761211827344386	 64544
1761211827398991	 64544
1761211827451831	 64544
1761211827506096	 64544
1761211827559886	 64544
1761211827613025	 64544
1761211827668880	 64544
1761211827723469	 64544
1761211827780296	 64544
1761211827833699	 64544
1761211827888613	 64544
1761211827942904	 32288
1761211827996717	 32288
1761211828051410	 32288
1761211828105121	 32288
1761211828159107	 32288
1761211828212048	 32288
1761211828266504	 32288
1761211828320942	 32288
1761211828375453	 32288
1761211828431548	 32288
1761211828485293	 32288
1761211828541543	 32288
1761211828594368	 32288
1761211828647882	 32288
1761211828701051	 32288
1761211828756093	 32288
1761211828810749	 32288
1761211828864687	 32288
1761211828919089	 32288
1761211828973614	 32288
1761211829028010	 32288
1761211829082623	 32288
1761211829137319	 32288
1761211829192567	 32288
1761211829248396	 32288
1761211829302132	 32288
1761211829355984	 32288
1761211829412150	 32288
1761211829466337	 32288
1761211829522859	 32288
1761211829580230	 32288
1761211829634140	 32288
1761211829687576	 32288
1761211829740827	 32288
1761211829793722	 32288
1761211829847907	 32288
1761211829903894	 32288
1761211829960224	 32288
1761211830014674	 32288
1761211830069789	 32288
1761211830124105	 32288
1761211830177856	 32288
1761211830231555	 32288
1761211830285090	 32288
1761211830339698	 32288
1761211830394953	 32288
1761211830449394	 32288
1761211830503094	 32288
1761211830557693	 32288
1761211830611026	 32288
1761211830664907	 32288
1761211830717893	 32288
1761211830771613	 32288
1761211830825389	 32288
1761211830878191	 32288
1761211830932369	 32288
1761211830985719	 32288
1761211831040016	 32288
1761211831094699	 32288
1761211831149128	 32288
1761211831203799	 32288
1761211831258381	 32288
1761211831312561	 32288
1761211831365450	 32288
1761211831419577	 32288
1761211831473454	 32288
1761211831526620	 32288
1761211831579464	 32288
1761211831632270	 32288
1761211831686788	 32288
1761211831741555	 32288
1761211831794702	 32288
1761211831848498	 32288
1761211831905238	 32288
1761211831959316	 32288
1761211832012210	 32288
1761211832066886	 32288
1761211832120645	 32288
1761211832174117	 32288
1761211832227169	 32288
1761211832281065	 32288
1761211832334799	 32288
1761211832388285	 32288
1761211832441656	 32288
1761211832494706	 32288
1761211832547876	 32288
1761211832601630	 32288
1761211832654610	 32288
1761211832707669	 32288
1761211832760614	 32288
1761211832815394	 32288
1761211832870262	 32288
1761211832924716	 32288
1761211832979390	 32288
1761211833032370	 32288
1761211833085195	 32288
1761211833138697	 32288
1761211833191512	 32288
1761211833244374	 32288
1761211833297918	 32288
1761211833352374	 32288
1761211833406187	 32288
1761211833461155	 32288
1761211833515805	 32288
1761211833569658	 32288
1761211833624629	 32288
1761211833680225	 32288
1761211833735196	 32288
1761211833790503	 32288
1761211833843339	 32288
1761211833897832	 32288
1761211833952585	 32288
1761211834007383	 32288
1761211834061810	 32288
1761211834116653	 32288
1761211834171324	 32288
1761211834225599	 32288
1761211834279649	 32288
1761211834333565	 32288
1761211834387381	 32288
1761211834441594	 32288
1761211834494519	 32288
1761211834548119	 32288
1761211834602379	 32288
1761211834657631	 32288
1761211834711003	 32288
1761211834766063	 32288
1761211834819145	 32288
1761211834872409	 32288
1761211834925759	 32288
1761211834979372	 32288
1761211835032343	 32288
1761211835085302	 32288
1761211835140286	 32288
1761211835193267	 32288
1761211835248052	 32288
1761211835301115	 32288
1761211835355992	 32288
1761211835409924	 32288
1761211835463304	 32288
1761211835517662	 32288
1761211835571634	 32288
1761211835625449	 32288
1761211835682574	 32288
1761211835736849	 32288
1761211835795125	 32288
1761211835848183	 32288
1761211835902619	 32288
1761211835955562	 32288
1761211836008537	 32288
1761211836061453	 32288
1761211836114430	 32288
1761211836167385	 32288
1761211836220312	 32288
1761211836273437	 32288
1761211836326378	 32288
1761211836380108	 32288
1761211836433145	 32288
1761211836486392	 32288
1761211836540884	 32288
1761211836594049	 32288
1761211836649718	 32288
1761211836704621	 32288
1761211836758286	 32288
1761211836813969	 32288
1761211836868931	 32288
1761211836923271	 32288
1761211836976947	 32288
1761211837030820	 32288
1761211837084657	 32288
1761211837140277	 32288
1761211837193322	 32288
1761211837246643	 32288
1761211837300185	 32288
1761211837359957	 32288
1761211837416013	 32288
1761211837470353	 32288
1761211837526913	 32288
1761211837581096	 32288
1761211837634928	 32288
1761211837687870	 32288
1761211837742335	 32288
1761211837796594	 32288
1761211837852246	 32288
1761211837907649	 32288
1761211837962375	 32288
1761211838016761	 32288
1761211838071634	 32288
1761211838125841	 32288
1761211838180484	 32288
1761211838235232	 32288
1761211838291479	 32288
1761211838346118	 32288
1761211838398998	 32288
1761211838451800	 32288
1761211838505587	 32288
1761211838559137	 32288
1761211838612195	 32288
1761211838665207	 32288
1761211838718806	 32288
1761211838773251	 32288
1761211838826666	 32288
1761211838881226	 32288
1761211838937657	 32288
1761211838993645	 32288
1761211839049260	 32288
1761211839102174	 32288
1761211839156451	 32288
1761211839209348	 32288
1761211839262179	 32288
1761211839315972	 32288
1761211839369776	 32288
1761211839423616	 32288
1761211839477018	 32288
1761211839530816	 32288
1761211839585418	 32288
1761211839638980	 32288
1761211839692224	 32288
1761211839745172	 32288
1761211839798179	 32288
1761211839852040	 32288
1761211839905619	 32288
1761211839958905	 32288
1761211840014155	 32288
1761211840069024	 32288
1761211840123371	 32288
1761211840178195	 32288
1761211840232843	 32288
1761211840285872	 32288
1761211840338714	 32288
1761211840392278	 32288
1761211840445802	 32288
1761211840499440	 32288
1761211840553072	 32288
1761211840607142	 32288
1761211840660438	 32288
1761211840714197	 32288
1761211840768908	 32288
1761211840822531	 32288
1761211840876054	 32288
1761211840930764	 32288
1761211840984588	 32288
1761211841039016	 32288
1761211841093397	 32288
1761211841147756	 32288
1761211841200828	 32288
1761211841253721	 32288
1761211841307684	 32288
1761211841361067	 32288
1761211841414058	 32288
1761211841466931	 32288
1761211841524177	 32288
1761211841580264	 32288
1761211841634195	 32288
1761211841687890	 32288
1761211841742147	 32288
1761211841796914	 32288
1761211841851604	 32288
1761211841907018	 32288
1761211841961413	 32288
1761211842018130	 32288
1761211842071687	 32288
1761211842126299	 32288
1761211842180734	 32288
1761211842234585	 32288
1761211842288386	 32288
1761211842341283	 32288
1761211842396348	 32288
1761211842450675	 32288
1761211842505117	 32288
1761211842559293	 32288
1761211842612280	 32288
1761211842666098	 32288
1761211842720818	 32288
1761211842773906	 32288
1761211842827741	 32288
1761211842881033	 32288
1761211842934560	 32288
1761211842988904	 32288
1761211843043654	 32288
1761211843097142	 32288
1761211843150737	 32288
1761211843205386	 32288
1761211843260192	 32288
1761211843314663	 32288
1761211843369231	 32288
1761211843423774	 32288
1761211843478613	 32288
1761211843532779	 32288
1761211843586347	 32288
1761211843641898	 32288
1761211843694843	 32288
1761211843749500	 32288
1761211843804208	 32288
1761211843858502	 32288
1761211843915763	 32288
1761211843969898	 32288
1761211844024908	 32288
1761211844077766	 32288
1761211844132136	 32288
1761211844185574	 32288
1761211844240336	 32288
1761211844293267	 32288
1761211844346207	 32288
1761211844399112	 32288
1761211844452014	 32288
1761211844506608	 32288
1761211844561250	 32288
1761211844614796	 32288
1761211844668163	 32288
1761211844721093	 32288
1761211844774023	 32288
1761211844826924	 32288
1761211844879785	 32288
1761211844933250	 32288
1761211844988378	 32288
1761211845041491	 32288
1761211845094532	 32288
1761211845149543	 32288
1761211845202941	 32288
1761211845257254	 32288
1761211845313107	 32288
1761211845367341	 32288
1761211845424261	 32288
1761211845480831	 32288
1761211845535295	 32288
1761211845590108	 32288
1761211845644989	 32288
1761211845699269	 32288
1761211845753463	 32288
1761211845808334	 32288
1761211845863147	 32288
1761211845916705	 32288
1761211845969857	 32288
1761211846024399	 32288
1761211846079169	 32288
1761211846133488	 32288
1761211846187693	 32288
1761211846240472	 32288
1761211846294460	 32288
1761211846348460	 32288
1761211846402132	 32288
1761211846456465	 32288
1761211846510786	 32288
1761211846564373	 32288
1761211846618112	 32288
1761211846671098	 32288
1761211846724328	 32288
1761211846778782	 32288
1761211846833292	 32288
1761211846888362	 32288
1761211846943050	 32288
1761211846998080	 32288
1761211847051793	 32288
1761211847104973	 32288
1761211847159003	 32288
1761211847212915	 32288
1761211847267666	 32288
1761211847322067	 32288
1761211847375387	 32288
1761211847429476	 32288
1761211847484174	 32288
1761211847540959	 32288
1761211847595016	 32288
1761211847650588	 32288
1761211847705274	 32288
1761211847758482	 32288
1761211847813016	 32288
1761211847866184	 32288
1761211847919644	 10616
1761211847972905	 10616
1761211848029720	 10616
1761211848085913	 10616
1761211848142836	 10616
1761211848196027	 10616
1761211848249122	 10616
1761211848304557	 10616
1761211848359188	 10616
1761211848413711	 10616
1761211848471557	 10616
1761211848532388	 10616
1761211848585527	 10616
1761211848640453	 10616
1761211848696597	 10616
1761211848750959	 10616
1761211848811115	 10616
1761211848871216	 10616
1761211848930129	 10616
1761211848985927	 10616
1761211849047069	 10616
1761211849106454	 10616
1761211849161671	 10616
1761211849214596	 10616
1761211849270936	 10616
1761211849324626	 10616
1761211849378327	 10616
1761211849437249	 10616
1761211849494136	 10616
1761211849550004	 10616
1761211849604178	 10616
1761211849658601	 10616
1761211849713347	 10616
1761211849769951	 10616
1761211849827126	 10616
1761211849882421	 10616
1761211849938548	 10616
1761211849993055	 10616
1761211850049905	 10616
1761211850106454	 10616
1761211850164821	 10616
1761211850217461	 10616
1761211850274492	 10616
1761211850328675	 10616
1761211850383070	 10616
1761211850438976	 10616
1761211850494750	 10616
1761211850552350	 10616
1761211850607670	 10616
1761211850664703	 10616
1761211850718745	 10616
1761211850773380	 10616
1761211850828165	 10616
1761211850883164	 10616
1761211850938579	 10616
1761211850994239	 10616
1761211851050878	 10616
1761211851105122	 10616
1761211851160354	 10616
1761211851213038	 10616
1761211851268717	 10616
1761211851323988	 10616
1761211851378348	 10616
1761211851433676	 10616
1761211851488925	 10616
1761211851549990	 10616
1761211851609195	 10616
1761211851664904	 10616
1761211851720156	 10616
1761211851778711	 10616
1761211851838748	 10616
1761211851898985	 10616
1761211851958248	 10616
1761211852017315	 10616
1761211852075528	 10616
1761211852131936	 10616
1761211852184557	 10616
1761211852237405	 10616
1761211852291617	 10616
1761211852345551	 10616
1761211852400126	 10616
1761211852453903	 10616
1761211852507809	 10616
1761211852564119	 10616
1761211852619249	 10616
1761211852680275	 10616
1761211852737597	 10616
1761211852795769	 10616
1761211852851055	 10616
1761211852909663	 10616
1761211852965080	 10616
1761211853021032	 10616
1761211853076931	 10616
1761211853134113	 10616
1761211853187148	 10616
1761211853239792	 10616
1761211853298731	 10616
1761211853353772	 10616
1761211853411597	 10616
1761211853467450	 10616
1761211853527285	 10616
1761211853582210	 10616
1761211853636796	 10616
1761211853693561	 10616
1761211853752446	 10616
1761211853808425	 10616
1761211853864100	 10616
1761211853920958	 10616
1761211853974325	 10616
1761211854031421	 10616
1761211854086045	 10616
1761211854144056	 10616
1761211854197238	 10616
1761211854251125	 10616
1761211854305211	 10616
1761211854358958	 10616
1761211854416921	 10616
1761211854472768	 10616
1761211854528852	 10616
1761211854585140	 10616
1761211854641483	 10616
1761211854697080	 10616
1761211854751323	 10616
1761211854807092	 10616
1761211854862312	 10616
1761211854919984	 10616
1761211854974549	 10616
1761211855030515	 10616
1761211855087358	 10616
1761211855145653	 10616
1761211855198545	 10616
1761211855251378	 10616
1761211855306262	 10616
1761211855361123	 10616
1761211855417296	 10616
1761211855470301	 10616
1761211855523685	 10616
1761211855578879	 10616
1761211855632638	 10616
1761211855685352	 10616
1761211855737992	 10616
1761211855791090	 10616
1761211855844803	 10616
1761211855899715	 10616
1761211855954641	 10616
1761211856009330	 10616
1761211856063726	 10616
1761211856118135	 10616
1761211856170676	 10616
1761211856223276	 10616
1761211856278270	 10616
1761211856333749	 10616
1761211856390789	 10616
1761211856447297	 10616
1761211856500470	 10616
1761211856556662	 10616
1761211856611472	 10616
1761211856666665	 10616
1761211856720026	 10616
1761211856774683	 10616
1761211856828844	 10616
1761211856882553	 10616
1761211856937780	 10616
1761211856993833	 10616
1761211857047240	 10616
1761211857100387	 10616
1761211857154842	 10616
1761211857207838	 10616
1761211857260887	 10616
1761211857316478	 10616
1761211857370526	 10616
1761211857427174	 10616
1761211857483063	 10616
1761211857540164	 10616
1761211857597608	 10616
1761211857654473	 10616
1761211857714519	 10616
1761211857774404	 10616
1761211857834515	 10616
1761211857894194	 10616
1761211857948101	 10616
1761211858002419	 10616
1761211858057097	 10616
1761211858111274	 10616
1761211858168011	 10616
1761211858220723	 10616
1761211858277681	 10616
1761211858334195	 10616
1761211858389863	 10616
1761211858445796	 10616
1761211858501060	 10616
1761211858561474	 10616
1761211858619534	 10616
1761211858676306	 10616
1761211858730076	 10616
1761211858784941	 10616
1761211858839746	 10616
1761211858897961	 10616
1761211858951750	 10616
1761211859005555	 10616
1761211859063170	 10616
1761211859116520	 10616
1761211859169673	 10616
1761211859226395	 10616
1761211859284873	 10616
1761211859339096	 10616
1761211859397434	 10616
1761211859452363	 10616
1761211859507680	 10616
1761211859565378	 10616
1761211859621228	 10616
1761211859676259	 10616
1761211859731325	 10616
1761211859789446	 10616
1761211859845325	 10616
1761211859900272	 10616
1761211859955298	 10616
1761211860010426	 10616
1761211860066856	 10616
1761211860121417	 10616
1761211860174379	 10616
1761211860226906	 10616
1761211860279458	 10616
1761211860332194	 10616
1761211860385074	 10616
1761211860442116	 10616
1761211860498624	 10616
1761211860554454	 10616
1761211860609032	 10616
1761211860665185	 10616
1761211860718468	 10616
1761211860778999	 10616
1761211860831583	 10616
1761211860884135	 10616
1761211860940847	 10616
1761211860996721	 10616
1761211861056077	 10616
1761211861112874	 10616
1761211861167913	 10616
1761211861220772	 10616
1761211861278589	 10616
1761211861334749	 10616
1761211861393189	 10616
1761211861447930	 10616
1761211861501886	 10616
1761211861555775	 10616
1761211861610815	 10616
1761211861666539	 10616
1761211861720521	 10616
1761211861777843	 10616
1761211861834709	 10616
1761211861891791	 10616
1761211861946629	 10616
1761211862000594	 10616
1761211862056636	 10616
1761211862113116	 10616
1761211862169070	 10616
1761211862221976	 10616
1761211862280862	 10616
1761211862335313	 10616
1761211862392228	 10616
1761211862448986	 10616
1761211862505134	 10616
1761211862560276	 10616
1761211862615338	 10616
1761211862671220	 10616
1761211862726105	 10616
1761211862780678	 10616
1761211862835497	 10616
1761211862891057	 10616
1761211862950266	 10616
1761211863005195	 10616
1761211863064823	 10616
1761211863119892	 10616
1761211863172543	 10616
1761211863225024	 10616
1761211863281436	 10616
1761211863336002	 10616
1761211863391620	 10616
1761211863445816	 10616
1761211863500232	 10616
1761211863556743	 10616
1761211863613311	 10616
1761211863669890	 10616
1761211863724652	 10616
1761211863779721	 10616
1761211863835286	 10616
1761211863890839	 10616
1761211863945214	 10616
1761211864000653	 10616
1761211864057064	 10616
1761211864112265	 10616
1761211864167941	 10616
1761211864220961	 10616
1761211864280888	 10616
1761211864335141	 10616
1761211864391046	 10616
1761211864444552	 10616
1761211864500185	 10616
1761211864554759	 10616
1761211864608720	 10616
1761211864666193	 10616
1761211864720459	 10616
1761211864775986	 10616
1761211864830211	 10616
1761211864884155	 10616
1761211864939904	 10616
1761211864993566	 10616
1761211865048757	 10616
1761211865103026	 10616
1761211865161591	 10616
1761211865214220	 10616
1761211865270820	 10616
1761211865328212	 10616
1761211865383427	 10616
1761211865439442	 10616
1761211865494516	 10616
1761211865549088	 10616
1761211865602319	 10616
1761211865657178	 10616
1761211865712097	 10616
1761211865768477	 10616
1761211865824269	 10616
1761211865879793	 10616
1761211865938270	 10616
1761211865993892	 10616
1761211866049636	 10616
1761211866106456	 10616
1761211866162359	 10616
1761211866214944	 10616
1761211866272780	 10616
1761211866327667	 10616
1761211866382536	 10616
1761211866438101	 10616
1761211866493365	 10616
1761211866551417	 10616
1761211866608795	 10616
1761211866665857	 10616
1761211866722046	 10616
1761211866776215	 10616
1761211866829600	 10616
1761211866883098	 10616
1761211866937806	 10616
1761211866993988	 10616
1761211867051341	 10616
1761211867107125	 10616
1761211867163405	 10616
1761211867216224	 10616
1761211867274536	 10616
1761211867330961	 10616
1761211867384572	 10616
1761211867440000	 10616
1761211867494294	 10616
1761211867548231	 10616
1761211867602709	 10616
1761211867660135	 10616
1761211867714306	 10616
1761211867771824	 10616
1761211867825766	 10616
1761211867879413	 10616
1761211867936341	 21200
1761211867990626	 21200
1761211868043800	 21200
1761211868097792	 21200
1761211868153743	 21200
1761211868206402	 21200
1761211868259032	 21200
1761211868311837	 21200
1761211868364512	 21200
1761211868417487	 21200
1761211868470137	 21200
1761211868525046	 21200
1761211868579276	 21200
1761211868634211	 21200
1761211868692525	 21200
1761211868746289	 21200
1761211868801689	 21200
1761211868855937	 21200
1761211868910194	 21200
1761211868963568	 21200
1761211869017541	 21200
1761211869070449	 21200
1761211869123099	 21200
1761211869175817	 21200
1761211869228415	 21200
1761211869283500	 21200
1761211869337190	 21200
1761211869391478	 21200
1761211869446884	 21200
1761211869499932	 21200
1761211869553258	 21200
1761211869606109	 21200
1761211869660166	 21200
1761211869714423	 21200
1761211869769204	 21200
1761211869824441	 21200
1761211869878601	 21200
1761211869934000	 21200
1761211869987377	 21200
1761211870040355	 21200
1761211870093259	 21200
1761211870146836	 21200
1761211870199658	 21200
1761211870252839	 21200
1761211870308905	 21200
1761211870362893	 21200
1761211870416008	 21200
1761211870468922	 21200
1761211870523518	 21200
1761211870578085	 21200
1761211870631672	 21200
1761211870689119	 21200
1761211870742903	 21200
1761211870796652	 21200
1761211870849742	 21200
1761211870904625	 21200
1761211870959043	 21200
1761211871013441	 21200
1761211871069156	 21200
1761211871125554	 21200
1761211871178833	 21200
1761211871231485	 21200
1761211871287479	 21200
1761211871343284	 21200
1761211871398308	 21200
1761211871454230	 21200
1761211871510554	 21200
1761211871568856	 21200
1761211871622767	 21200
1761211871676418	 21200
1761211871729765	 21200
1761211871785722	 21200
1761211871839099	 21200
1761211871893732	 21200
1761211871947725	 21200
1761211872000708	 21200
1761211872054773	 21200
1761211872108030	 21200
1761211872161321	 21200
1761211872214789	 21200
1761211872268951	 21200
1761211872322914	 21200
1761211872376194	 21200
1761211872429605	 21200
1761211872482865	 21200
1761211872539269	 21200
1761211872593268	 21200
1761211872648993	 21200
1761211872705522	 21200
1761211872759137	 21200
1761211872812457	 21200
1761211872865943	 21200
1761211872919460	 21200
1761211872973164	 21200
1761211873028929	 21200
1761211873082622	 21200
1761211873135312	 21200
1761211873188825	 21200
1761211873241483	 21200
1761211873295556	 21200
1761211873348623	 21200
1761211873403049	 21200
1761211873456194	 21200
1761211873508880	 21200
1761211873563676	 21200
1761211873618436	 21200
1761211873673169	 21200
1761211873728072	 21200
1761211873782128	 21200
1761211873836279	 21200
1761211873889992	 21200
1761211873944048	 21200
1761211873997371	 21200
1761211874052423	 21200
1761211874106626	 21200
1761211874161461	 21200
1761211874214863	 21200
1761211874272489	 21200
1761211874327440	 21200
1761211874381178	 21200
1761211874434386	 21200
1761211874490350	 21200
1761211874546932	 21200
1761211874600091	 21200
1761211874655369	 21200
1761211874708987	 21200
1761211874764180	 21200
1761211874817840	 21200
1761211874871301	 21200
1761211874925047	 21200
1761211874978877	 21200
1761211875034755	 21200
1761211875088796	 21200
1761211875144902	 21200
1761211875197602	 21200
1761211875250862	 21200
1761211875305112	 21200
1761211875358150	 21200
1761211875411424	 21200
1761211875464049	 21200
1761211875517983	 21200
1761211875570684	 21200
1761211875623622	 21200
1761211875678982	 21200
1761211875731783	 21200
1761211875786348	 21200
1761211875842081	 21200
1761211875896803	 21200
1761211875951071	 21200
1761211876004205	 21200
1761211876057547	 21200
1761211876110406	 21200
1761211876164271	 21200
1761211876217959	 21200
1761211876270752	 21200
1761211876324433	 21200
1761211876377154	 21200
1761211876431957	 21200
1761211876484871	 21200
1761211876538152	 21200
1761211876592955	 21200
1761211876646908	 21200
1761211876700627	 21200
1761211876753521	 21200
1761211876806263	 21200
1761211876858984	 21200
1761211876914264	 21200
1761211876969130	 21200
1761211877024015	 21200
1761211877079194	 21200
1761211877132547	 21200
1761211877186170	 21200
1761211877238846	 21200
1761211877293719	 21200
1761211877348606	 21200
1761211877404437	 21200
1761211877458991	 21200
1761211877513677	 21200
1761211877567598	 21200
1761211877620715	 21200
1761211877677130	 21200
1761211877730802	 21200
1761211877785020	 21200
1761211877838679	 21200
1761211877896655	 21200
1761211877949467	 21200
1761211878003047	 21200
1761211878056757	 21200
1761211878109629	 21200
1761211878165370	 21200
1761211878217984	 21200
1761211878272980	 21200
1761211878328913	 21200
1761211878382718	 21200
1761211878436371	 21200
1761211878489746	 21200
1761211878543496	 21200
1761211878597046	 21200
1761211878652979	 21200
1761211878708720	 21200
1761211878762994	 21200
1761211878816957	 21200
1761211878870835	 21200
1761211878926097	 21200
1761211878978757	 21200
1761211879033168	 21200
1761211879086865	 21200
1761211879142190	 21200
1761211879195468	 21200
1761211879248953	 21200
1761211879306398	 21200
1761211879359985	 21200
1761211879416633	 21200
1761211879470679	 21200
1761211879524726	 21200
1761211879577546	 21200
1761211879630209	 21200
1761211879683357	 21200
1761211879735948	 21200
1761211879791664	 21200
1761211879845087	 21200
1761211879898378	 21200
1761211879951731	 21200
1761211880004783	 21200
1761211880058431	 21200
1761211880112084	 21200
1761211880166955	 21200
1761211880220182	 21200
1761211880276034	 21200
1761211880331798	 21200
1761211880385402	 21200
1761211880438818	 21200
1761211880494780	 21200
1761211880549110	 21200
1761211880602140	 21200
1761211880655631	 21200
1761211880709744	 21200
1761211880763751	 21200
1761211880819467	 21200
1761211880876096	 21200
1761211880934555	 21200
1761211880990027	 21200
1761211881045786	 21200
1761211881099202	 21200
1761211881152215	 21200
1761211881205358	 21200
1761211881258538	 21200
1761211881312773	 21200
1761211881366083	 21200
1761211881422774	 21200
1761211881475913	 21200
1761211881531646	 21200
1761211881585784	 21200
1761211881638758	 21200
1761211881692658	 21200
1761211881745999	 21200
1761211881801991	 21200
1761211881858043	 21200
1761211881911110	 21200
1761211881963955	 21200
1761211882019997	 21200
1761211882072870	 21200
1761211882125469	 21200
1761211882178123	 21200
1761211882230978	 21200
1761211882286942	 21200
1761211882343170	 21200
1761211882396471	 21200
1761211882450083	 21200
1761211882504456	 21200
1761211882559167	 21200
1761211882612547	 21200
1761211882666426	 21200
1761211882721403	 21200
1761211882775822	 21200
1761211882829181	 21200
1761211882882351	 21200
1761211882935632	 21200
1761211882988963	 21200
1761211883042806	 21200
1761211883095594	 21200
1761211883150442	 21200
1761211883203697	 21200
1761211883256295	 21200
1761211883310607	 21200
1761211883363300	 21200
1761211883418382	 21200
1761211883472342	 21200
1761211883526232	 21200
1761211883580193	 21200
1761211883634116	 21200
1761211883689295	 21200
1761211883744081	 21200
1761211883797794	 21200
1761211883851088	 21200
1761211883907137	 21200
1761211883963035	 21200
1761211884018060	 21200
1761211884072147	 21200
1761211884126123	 21200
1761211884179427	 21200
1761211884232191	 21200
1761211884286435	 21200
1761211884343040	 21200
1761211884398680	 21200
1761211884453504	 21200
1761211884508153	 21200
1761211884563215	 21200
1761211884618158	 21200
1761211884671092	 21200
1761211884727125	 21200
1761211884780999	 21200
1761211884833929	 21200
1761211884886935	 21200
1761211884940797	 21200
1761211884993873	 21200
1761211885049796	 21200
1761211885102865	 21200
1761211885155413	 21200
1761211885216963	 21200
1761211885270932	 21200
1761211885324421	 21200
1761211885377895	 21200
1761211885431307	 21200
1761211885484822	 21200
1761211885539019	 21200
1761211885594125	 21200
1761211885650802	 21200
1761211885707314	 21200
1761211885761281	 21200
1761211885815180	 21200
1761211885867958	 21200
1761211885922681	 21200
1761211885976765	 21200
1761211886031862	 21200
1761211886086467	 21200
1761211886140832	 21200
1761211886193563	 21200
1761211886246273	 21200
1761211886299397	 21200
1761211886352194	 21200
1761211886407100	 21200
1761211886461879	 21200
1761211886517004	 21200
1761211886569802	 21200
1761211886622524	 21200
1761211886675124	 21200
1761211886731023	 21200
1761211886788557	 21200
1761211886842955	 21200
1761211886896248	 21200
1761211886949061	 21200
1761211887001993	 21200
1761211887056355	 21200
1761211887109047	 21200
1761211887164513	 21200
1761211887217232	 21200
1761211887272556	 21200
1761211887325501	 21200
1761211887378273	 21200
1761211887431744	 21200
1761211887484370	 21200
1761211887538226	 21200
1761211887591589	 21200
1761211887649734	 21200
1761211887702687	 21200
1761211887755544	 21200
1761211887811038	 21200
1761211887863694	 21200
1761211887917742	 64544
1761211887974189	 64544
1761211888029427	 64544
1761211888083644	 64544
1761211888138000	 64544
1761211888192095	 64544
1761211888246313	 64544
1761211888302610	 64544
1761211888357241	 64544
1761211888410541	 64544
1761211888465903	 64544
1761211888519309	 64544
1761211888573027	 64544
1761211888626469	 64544
1761211888681043	 64544
1761211888740076	 64544
1761211888794160	 64544
1761211888847114	 64544
1761211888901616	 64544
1761211888956649	 64544
1761211889010475	 64544
1761211889067389	 64544
1761211889120220	 64544
1761211889173067	 64544
1761211889227469	 64544
1761211889281561	 64544
1761211889336481	 64544
1761211889391293	 64544
1761211889445954	 64544
1761211889499006	 64544
1761211889552284	 64544
1761211889606592	 64544
1761211889660611	 64544
1761211889724039	 64544
1761211889779379	 64544
1761211889832507	 64544
1761211889885362	 64544
1761211889939612	 64544
1761211889993849	 64544
1761211890047425	 64544
1761211890101839	 64544
1761211890156160	 64544
1761211890210836	 64544
1761211890264547	 64544
1761211890317467	 64544
1761211890370348	 64544
1761211890425429	 64544
1761211890480876	 64544
1761211890535824	 64544
1761211890589611	 64544
1761211890644076	 64544
1761211890696928	 64544
1761211890749744	 64544
1761211890802752	 64544
1761211890856045	 64544
1761211890912129	 64544
1761211890968246	 64544
1761211891024306	 64544
1761211891080381	 64544
1761211891136435	 64544
1761211891191321	 64544
1761211891246506	 64544
1761211891301046	 64544
1761211891356206	 64544
1761211891410127	 64544
1761211891463308	 64544
1761211891518434	 64544
1761211891573567	 64544
1761211891626462	 64544
1761211891679360	 64544
1761211891733632	 64544
1761211891787684	 64544
1761211891840684	 64544
1761211891895618	 64544
1761211891948616	 64544
1761211892002931	 64544
1761211892059675	 64544
1761211892114062	 64544
1761211892166885	 64544
1761211892219782	 64544
1761211892275336	 64544
1761211892328843	 64544
1761211892381714	 64544
1761211892439235	 64544
1761211892492796	 64544
1761211892546198	 64544
1761211892599695	 64544
1761211892654362	 64544
1761211892707247	 64544
1761211892760124	 64544
1761211892815599	 64544
1761211892869018	 64544
1761211892925429	 64544
1761211892987228	 64544
1761211893040702	 64544
1761211893093568	 64544
1761211893146633	 64544
1761211893199554	 64544
1761211893252477	 64544
1761211893306795	 64544
1761211893361039	 64544
1761211893415403	 64544
1761211893469769	 64544
1761211893524726	 64544
1761211893578261	 64544
1761211893632744	 64544
1761211893685631	 64544
1761211893738553	 64544
1761211893792040	 64544
1761211893846362	 64544
1761211893900689	 64544
1761211893953528	 64544
1761211894007527	 64544
1761211894062269	 64544
1761211894116662	 64544
1761211894170741	 64544
1761211894225278	 64544
1761211894281261	 64544
1761211894335432	 64544
1761211894388414	 64544
1761211894441966	 64544
1761211894495545	 64544
1761211894549091	 64544
1761211894601970	 64544
1761211894656490	 64544
1761211894711435	 64544
1761211894766607	 64544
1761211894821114	 64544
1761211894874017	 64544
1761211894929087	 64544
1761211894983947	 64544
1761211895040372	 64544
1761211895095190	 64544
1761211895149389	 64544
1761211895205192	 64544
1761211895258018	 64544
1761211895312943	 64544
1761211895368535	 64544
1761211895425548	 64544
1761211895478461	 64544
1761211895531809	 64544
1761211895585204	 64544
1761211895639561	 64544
1761211895692628	 64544
1761211895745503	 64544
1761211895798847	 64544
1761211895851622	 64544
1761211895906725	 64544
1761211895961936	 64544
1761211896016951	 64544
1761211896069769	 64544
1761211896124094	 64544
1761211896179027	 64544
1761211896231895	 64544
1761211896287604	 64544
1761211896343064	 64544
1761211896399014	 64544
1761211896452299	 64544
1761211896506725	 64544
1761211896562454	 64544
