1761586503266628	56.706000
1761586503558039	295.779000
1761586503617230	299.302000
1761586503662123	287.394000
1761586503736048	305.613000
1761586503760575	273.527000
1761586503840300	298.364000
1761586503894021	296.333000
1761586503945163	291.479000
1761586503996712	286.738000
1761586504048373	282.837000
1761586504112572	291.536000
1761586504165819	289.372000
1761586504216402	284.670000
1761586504293020	305.863000
1761586504346572	303.589000
1761586504397006	299.041000
1761586504448876	295.369000
1761586504528999	323.763000
1761586504531941	270.456000
1761586504537139	218.546000
1761586504541731	280.246000
1761586504546882	172.720000
1761586504548741	62.888000
1761586504558270	184.108000
1761586504560160	74.307000
1761586504587919	50.477000
1761586504590383	104.530000
1761586504592162	54.720000
1761586504629838	40.753000
1761586504680854	40.139000
1761586504733973	41.680000
1761586504785450	41.594000
1761586504835728	40.347000
1761586504887346	40.376000
1761586504941598	43.131000
1761586504997192	47.198000
1761586505042409	40.905000
1761586505097255	44.148000
1761586505098061	96.557000
1761586505098855	45.748000
1761586505145866	41.240000
1761586505197627	41.482000
1761586505250351	42.621000
1761586505251087	94.942000
1761586505253572	45.842000
1761586505299666	40.413000
1761586505300897	93.167000
1761586505301586	42.333000
1761586505350163	39.267000
1761586505409147	46.676000
1761586505410717	99.821000
1761586505411837	49.366000
1761586505453930	39.861000
1761586505502855	37.284000
1761586505554994	37.902000
1761586505609217	40.626000
1761586505659287	39.178000
1761586505663649	95.058000
1761586505664041	43.932000
1761586505713354	41.700000
1761586505766214	43.038000
1761586505814923	40.191000
1761586505864400	38.210000
1761586505918557	40.877000
1761586505919184	92.994000
1761586505919786	42.106000
1761586505966780	37.617000
1761586506017387	36.696000
1761586506071790	39.612000
1761586506120441	36.741000
1761586506173829	38.663000
1761586506225782	39.085000
1761586506277649	39.462000
1761586506330959	41.257000
1761586506383816	42.597000
1761586506436049	43.190000
1761586506486117	41.798000
1761586506537923	42.082000
1761586506589991	42.633000
1761586506645654	46.741000
1761586506693816	43.504000
1761586506748077	46.135000
1761586506797873	44.477000
1761586506849044	44.188000
1761586506898725	42.366000
1761586506953018	45.094000
1761586507005169	45.756000
1761586507053554	42.614000
1761586507104180	41.788000
1761586507156324	42.385000
1761586507211681	46.266000
1761586507262169	45.181000
1761586507312855	44.441000
1761586507365142	45.215000
1761586507417156	44.755000
1761586507469503	45.187000
1761586507522468	46.421000
1761586507571724	43.960000
1761586507625143	45.600000
1761586507677690	46.505000
1761586507731800	48.791000
1761586507779636	45.041000
1761586507833100	46.723000
1761586507883919	45.618000
1761586507885210	98.833000
1761586507886733	48.432000
1761586507934938	44.701000
1761586507987993	45.836000
1761586508046170	52.058000
1761586508093676	47.687000
1761586508147010	49.261000
1761586508200865	51.337000
1761586508249601	48.350000
1761586508296433	43.275000
1761586508297675	96.424000
1761586508300595	47.437000
1761586508350161	44.985000
1761586508401858	44.670000
1761586508460328	51.107000
1761586508510360	48.719000
1761586508562658	48.918000
1761586508620073	54.382000
1761586508621611	107.871000
1761586508622910	57.219000
1761586508674021	56.457000
1761586508719640	50.091000
1761586508773829	52.397000
1761586508821408	48.000000
1761586508874944	49.501000
1761586508929113	51.334000
1761586508981004	51.099000
1761586509037095	55.137000
1761586509082058	48.060000
1761586509133113	47.047000
1761586509185871	47.839000
1761586509244263	54.279000
1761586509293665	51.863000
1761586509345379	51.652000
1761586509395907	50.338000
1761586509447357	49.804000
1761586509504677	55.145000
1761586509554287	52.401000
1761586509608265	53.934000
1761586509662923	55.897000
1761586509712752	52.951000
1761586509768331	55.835000
1761586509822937	58.147000
1761586509824655	112.159000
1761586509826280	61.490000
1761586509873534	56.320000
1761586509929314	59.864000
1761586509934023	116.809000
1761586509935312	65.862000
1761586509976485	54.747000
1761586510027749	53.623000
1761586510081410	54.713000
1761586510132520	53.071000
1761586510187171	55.319000
1761586510241985	57.760000
1761586510293580	57.130000
1761586510347818	59.100000
1761586510397158	55.997000
1761586510450298	56.857000
1761586510501005	55.339000
1761586510560230	61.733000
1761586510611254	60.082000
1761586510667501	63.268000
1761586510717358	59.930000
1761586510769555	58.746000
1761586510824325	60.250000
1761586510878555	61.329000
1761586510930295	60.584000
1761586510983204	60.949000
1761586511032811	57.762000
1761586511089419	61.038000
1761586511145651	64.358000
1761586511197790	63.637000
1761586511253783	67.095000
1761586511301005	61.476000
1761586511350328	57.831000
1761586511407584	61.666000
1761586511461949	62.880000
1761586511514510	63.776000
1761586511576571	72.269000
1761586511629049	71.356000
1761586511679297	68.079000
1761586511732015	67.126000
1761586511789463	70.305000
1761586511844491	71.836000
1761586511897691	71.658000
1761586511947758	67.980000
1761586512000546	66.854000
1761586512059970	72.163000
1761586512113012	71.838000
1761586512162899	68.152000
1761586512218524	69.282000
1761586512284274	80.485000
1761586512327941	69.806000
1761586512381084	69.396000
1761586512433830	67.829000
1761586512493158	72.730000
1761586512547030	72.912000
1761586512600631	72.296000
1761586512660144	77.656000
1761586512711222	74.648000
1761586512768265	77.318000
1761586512828002	82.516000
1761586512877205	77.177000
1761586512927935	73.535000
1761586512985730	76.903000
1761586513042940	79.270000
1761586513096402	78.427000
1761586513148302	75.849000
1761586513202536	75.743000
1761586513259193	78.330000
1761586513308184	73.084000
1761586513367292	76.529000
1761586513419901	74.706000
1761586513472106	72.493000
1761586513532166	77.047000
1761586513583714	73.811000
1761586513639170	74.739000
1761586513697419	78.453000
1761586513751060	76.965000
1761586513810366	81.925000
1761586513860999	78.024000
1761586513914470	76.421000
1761586513975411	82.698000
1761586514026630	78.656000
1761586514083016	79.722000
1761586514143673	85.978000
1761586514183449	71.008000
1761586514255400	88.197000
1761586514258272	145.831000
1761586514258886	91.683000
1761586514296867	74.713000
1761586514357992	81.797000
1761586514412225	81.549000
1761586514469412	84.281000
1761586514514323	74.683000
1761586514574801	80.687000
1761586514627922	78.964000
1761586514689371	85.759000
1761586514730742	72.328000
1761586514792423	78.953000
1761586514845823	78.360000
1761586514846396	132.926000
1761586514848308	80.845000
1761586514894620	73.229000
1761586514951244	75.363000
1761586515008449	77.759000
1761586515059495	74.632000
1761586515112781	72.897000
1761586515171218	76.538000
1761586515221734	72.747000
1761586515280851	77.329000
1761586515333978	75.732000
1761586515387369	74.617000
1761586515443130	76.309000
1761586515495064	73.430000
1761586515551951	75.590000
1761586515602829	72.164000
1761586515659201	74.366000
1761586515715586	75.784000
1761586515766513	72.251000
1761586515823775	74.511000
1761586515880876	76.972000
1761586515932271	74.097000
1761586515982697	69.640000
1761586516043849	76.272000
1761586516096545	74.386000
1761586516147751	71.497000
1761586516200550	70.151000
1761586516263059	77.907000
1761586516312136	72.528000
1761586516366160	72.338000
1761586516425870	77.455000
1761586516477673	74.379000
1761586516528045	70.394000
1761586516581736	69.049000
1761586516644155	76.788000
1761586516693748	71.811000
1761586516759444	81.999000
1761586516811294	78.971000
1761586516870023	83.152000
1761586516921606	80.413000
1761586516978148	82.519000
1761586517029476	79.378000
1761586517088623	83.374000
1761586517143958	83.969000
1761586517199275	84.073000
1761586517263241	93.264000
1761586517301616	76.978000
1761586517363916	84.311000
1761586517412048	77.506000
1761586517469636	80.669000
1761586517522278	78.722000
1761586517582740	84.027000
1761586517633513	79.973000
1761586517688622	79.993000
1761586517745807	82.505000
1761586517795393	77.724000
1761586517848364	76.418000
1761586517905127	78.558000
1761586517959041	78.659000
1761586518013015	78.736000
1761586518066154	77.501000
1761586518121507	78.290000
1761586518177727	80.472000
1761586518224280	72.936000
1761586518282327	76.381000
1761586518344797	84.143000
1761586518388419	73.330000
1761586518443705	74.196000
1761586518499804	75.842000
1761586518552900	74.635000
1761586518606425	74.318000
1761586518661850	75.259000
1761586518717396	76.186000
1761586518770415	74.833000
1761586518828966	79.432000
1761586518882184	77.784000
1761586518943905	84.941000
1761586518994433	81.326000
1761586519045332	77.517000
1761586519108412	85.608000
1761586519161516	84.379000
1761586519212534	81.009000
1761586519266050	80.069000
1761586519267172	135.647000
1761586519270442	84.461000
1761586519316265	75.679000
1761586519378348	84.032000
1761586519428457	79.747000
1761586519481022	77.427000
1761586519541707	83.700000
1761586519593648	81.231000
1761586519647725	80.312000
1761586519703433	81.652000
1761586519755038	78.453000
1761586519814798	83.519000
1761586519865422	79.634000
1761586519914713	74.064000
1761586519968565	73.177000
1761586520019677	69.842000
1761586520081717	76.896000
1761586520132388	72.997000
1761586520194451	80.665000
1761586520248207	79.184000
1761586520298088	74.551000
1761586520349049	71.418000
1761586520412233	80.234000
1761586520461505	74.655000
1761586520515598	74.293000
1761586520575826	80.106000
1761586520630423	79.448000
1761586520678766	73.640000
1761586520729863	70.249000
1761586520792602	78.544000
1761586520845399	76.593000
1761586520896299	73.112000
1761586520955635	77.886000
1761586521011071	78.385000
1761586521068968	81.426000
1761586521119352	77.391000
1761586521179438	82.511000
1761586521230362	78.912000
1761586521282837	76.704000
1761586521344215	83.450000
1761586521393842	78.683000
1761586521454937	84.219000
1761586521505776	80.336000
1761586521559736	79.244000
1761586521616429	81.031000
1761586521668369	78.436000
1761586521728167	83.281000
1761586521778479	79.115000
1761586521843297	89.246000
1761586521891148	82.553000
1761586521946668	83.294000
1761586521993479	75.216000
1761586522051463	78.741000
1761586522105962	78.881000
1761586522160929	79.305000
1761586522214075	78.052000
1761586522278164	87.101000
1761586522318865	73.389000
1761586522373960	74.143000
1761586522431329	76.485000
1761586522484429	74.780000
1761586522537344	73.120000
1761586522594265	75.634000
1761586522649515	75.943000
1761586522710479	82.479000
1761586522759690	77.096000
1761586522814489	76.545000
1761586522876084	83.852000
1761586522926422	79.459000
1761586522987197	85.103000
1761586523030944	73.972000
1761586523093380	82.179000
1761586523147130	80.348000
1761586523204300	83.083000
1761586523264759	89.074000
1761586523310300	79.275000
1761586523368878	82.702000
1761586523412929	72.129000
1761586523476618	81.274000
1761586523532013	81.243000
1761586523577674	72.578000
1761586523641156	81.022000
1761586523693971	78.863000
1761586523750326	80.863000
1761586523796671	73.031000
1761586523860235	81.610000
1761586523914229	80.630000
1761586523961532	73.818000
1761586524021232	79.036000
1761586524075081	79.382000
1761586524130801	80.696000
1761586524178713	74.284000
1761586524235616	76.527000
1761586524289711	75.426000
1761586524344214	75.864000
1761586524399446	76.718000
1761586524457228	79.816000
1761586524512289	80.163000
1761586524560975	74.346000
1761586524617414	76.272000
1761586524678252	82.630000
1761586524725563	75.545000
1761586524781612	77.132000
1761586524837829	78.071000
1761586524893891	79.568000
1761586524946193	77.656000
1761586524998941	75.237000
1761586525053060	75.018000
1761586525111452	79.227000
1761586525162494	75.725000
1761586525223970	82.757000
1761586525280020	84.505000
1761586525327459	77.191000
1761586525388971	84.034000
1761586525442290	82.732000
1761586525496242	81.689000
1761586525548797	80.025000
1761586525603361	80.024000
1761586525660385	82.187000
1761586525710923	78.187000
1761586525774267	86.789000
1761586525823473	81.883000
1761586525874308	78.608000
1761586525936162	85.281000
1761586525983916	78.674000
1761586526043531	83.464000
1761586526094275	80.178000
1761586526144931	76.525000
1761586526207067	83.535000
1761586526257954	80.389000
1761586526309248	76.539000
1761586526370959	83.990000
1761586526421869	80.570000
1761586526474917	78.751000
1761586526532966	82.563000
1761586526583259	78.757000
1761586526642070	82.626000
1761586526692460	78.848000
1761586526746070	77.892000
1761586526806755	83.701000
1761586526856072	78.785000
1761586526909087	77.499000
1761586526962758	76.318000
1761586527022528	81.392000
1761586527075873	80.351000
1761586527128446	78.161000
1761586527182112	76.604000
1761586527241169	81.748000
1761586527292655	78.332000
1761586527345727	76.564000
1761586527408514	85.405000
1761586527448632	71.366000
1761586527510018	78.258000
1761586527561513	75.234000
1761586527613718	73.380000
1761586527674731	80.289000
1761586527726387	77.170000
1761586527795990	92.593000
1761586527829458	71.960000
1761586527881751	69.917000
1761586527944600	78.131000
1761586527994026	73.413000
1761586528051377	76.511000
1761586528111887	82.221000
1761586528115146	140.280000
1761586528116136	86.470000
1761586528165373	80.727000
1761586528216458	77.571000
1761586528274323	80.384000
1761586528332348	83.788000
1761586528384017	81.271000
1761586528437311	80.234000
1761586528496294	84.249000
1761586528544302	77.939000
1761586528600292	79.782000
1761586528654409	79.537000
1761586528711959	82.441000
1761586528760963	77.503000
1761586528816727	79.092000
1761586528871730	79.465000
1761586528928501	81.804000
1761586528977797	76.861000
1761586529033127	77.841000
1761586529095929	85.886000
1761586529145967	81.468000
1761586529190811	71.985000
1761586529252550	79.021000
1761586529300366	72.111000
1761586529352030	69.345000
1761586529412501	75.084000
1761586529466076	73.976000
1761586529517025	70.761000
1761586529577699	76.932000
1761586529629370	73.697000
1761586529682630	72.966000
1761586529733983	69.952000
1761586529795605	76.783000
1761586529845684	72.531000
1761586529897298	69.637000
1761586529961767	79.740000
1761586530012076	74.971000
1761586530063029	71.560000
1761586530129185	82.392000
1761586530180538	79.253000
1761586530238539	83.095000
1761586530288145	78.183000
1761586530343449	78.897000
1761586530395548	75.946000
1761586530460768	86.199000
1761586530509778	80.186000
1761586530569718	85.335000
1761586530622628	83.682000
1761586530675278	81.794000
1761586530732672	84.497000
1761586530784249	80.996000
1761586530839224	81.422000
1761586530895485	82.773000
1761586530949719	82.215000
1761586531000965	78.968000
1761586531057510	80.067000
1761586531113215	80.734000
1761586531161051	74.431000
1761586531220495	79.559000
1761586531280916	84.690000
1761586531329891	79.208000
1761586531382595	77.443000
1761586531440795	80.790000
1761586531495853	80.803000
1761586531543826	74.349000
1761586531601557	77.469000
1761586531657572	78.218000
1761586531712540	78.910000
1761586531766505	78.137000
1761586531826887	84.057000
1761586531876420	79.038000
1761586531928723	76.571000
1761586531987901	81.088000
1761586532039699	78.462000
1761586532098099	82.062000
1761586532144774	73.950000
1761586532204183	79.096000
1761586532262348	82.502000
1761586532316057	81.258000
1761586532361887	72.943000
1761586532421851	78.482000
1761586532478047	79.966000
1761586532533682	81.421000
1761586532579884	73.232000
1761586532639410	78.769000
1761586532697821	82.523000
1761586532745825	76.315000
1761586532801425	77.897000
1761586532861755	83.553000
1761586532914639	81.859000
1761586532965805	79.101000
1761586533018052	76.569000
1761586533078949	82.597000
1761586533127098	76.721000
1761586533183347	78.885000
1761586533235893	77.030000
1761586533298322	84.544000
1761586533346781	79.303000
1761586533400276	78.462000
1761586533453375	76.901000
1761586533511987	81.384000
1761586533562337	77.650000
1761586533615640	76.213000
1761586533677312	83.343000
1761586533729083	80.594000
1761586533780959	77.899000
1761586533844960	86.861000
1761586533894580	82.284000
1761586533948402	81.672000
1761586533949340	137.044000
1761586533953665	86.935000
1761586534003192	81.553000
1761586534059175	82.605000
1761586534104000	72.368000
1761586534163508	76.772000
1761586534217977	76.446000
1761586534277895	82.158000
1761586534329492	78.343000
1761586534380650	74.850000
1761586534430210	70.126000
1761586534491182	76.525000
1761586534546602	77.200000
1761586534596505	72.802000
1761586534658242	80.253000
1761586534712405	79.183000
1761586534762746	75.286000
1761586534819348	77.370000
1761586534873882	77.110000
1761586534928707	77.532000
1761586534978667	73.508000
1761586535035781	76.202000
1761586535088696	74.441000
1761586535140953	72.586000
1761586535198470	75.670000
1761586535263247	85.558000
1761586535305745	73.677000
1761586535360710	74.510000
1761586535418627	77.496000
1761586535478962	82.930000
1761586535529939	79.604000
1761586535584055	79.190000
1761586535637148	77.505000
1761586535694643	80.792000
1761586535746658	78.342000
1761586535800239	77.432000
1761586535862570	85.393000
1761586535904455	72.418000
1761586535963939	77.469000
1761586536025042	83.869000
1761586536068386	72.864000
1761586536126763	77.061000
1761586536189142	84.245000
1761586536232122	73.046000
1761586536293415	80.273000
1761586536353266	85.335000
1761586536396769	74.612000
1761586536460728	84.551000
1761586536511368	80.655000
1761586536567079	81.378000
1761586536612064	72.250000
1761586536674682	80.359000
1761586536732438	83.303000
1761586536778064	74.694000
1761586536839166	81.440000
1761586536896765	83.831000
1761586536944394	77.132000
1761586537000822	79.466000
1761586537056457	80.184000
1761586537110340	78.926000
1761586537165447	80.048000
1761586537215927	76.140000
1761586537272810	78.350000
1761586537330442	81.974000
1761586537381305	78.537000
1761586537434641	77.280000
1761586537494847	82.239000
1761586537546020	79.770000
1761586537599381	79.014000
1761586537651877	76.918000
1761586537710824	81.685000
1761586537758739	75.658000
1761586537814623	77.730000
1761586537877885	85.337000
1761586537926006	79.372000
1761586537980244	79.106000
1761586538042412	86.482000
1761586538094920	83.871000
1761586538145073	79.212000
1761586538197478	76.852000
1761586538264895	89.854000
1761586538312682	83.141000
1761586538362284	78.608000
1761586538422384	83.633000
1761586538465910	72.915000
1761586538530184	82.690000
1761586538579507	77.346000
1761586538637824	80.864000
1761586538691298	79.817000
1761586538747410	81.528000
1761586538800789	80.375000
1761586538845827	71.274000
1761586538910893	81.412000
1761586538962538	77.946000
1761586539010703	71.636000
1761586539072630	79.294000
1761586539126709	78.780000
1761586539181565	79.204000
1761586539233191	76.291000
1761586539288977	76.922000
1761586539345762	79.409000
1761586539398312	77.561000
1761586539460471	84.103000
1761586539503576	72.914000
1761586539563412	78.069000
1761586539617378	77.552000
1761586539678185	84.608000
1761586539728905	81.403000
1761586539778761	76.868000
1761586539844462	87.151000
1761586539884987	73.794000
1761586539943568	78.200000
1761586540005597	85.457000
1761586540049683	75.136000
1761586540111422	82.623000
1761586540162617	79.463000
1761586540214384	76.908000
1761586540272763	82.050000
1761586540325707	80.505000
1761586540380232	80.257000
1761586540437297	82.728000
1761586540488839	80.147000
1761586540544756	81.476000
1761586540600782	82.535000
1761586540645674	73.226000
1761586540705358	78.894000
1761586540760774	79.970000
1761586540813274	78.192000
1761586540868463	79.172000
1761586540923967	80.104000
1761586540982474	83.933000
1761586541027235	74.693000
1761586541083881	77.362000
1761586541147433	86.444000
1761586541199057	83.277000
1761586541245897	76.007000
1761586541309241	85.182000
1761586541357682	78.697000
1761586541414918	81.746000
1761586541466741	79.140000
1761586541523207	80.934000
1761586541578010	80.973000
1761586541625670	74.051000
1761586541684319	77.752000
1761586541739160	78.389000
1761586541791609	76.815000
1761586541846570	77.843000
1761586541902536	79.225000
1761586541958874	81.375000
1761586542011039	79.196000
1761586542064460	78.498000
1761586542117946	77.367000
1761586542172418	77.574000
1761586542224745	75.289000
1761586542281287	77.063000
1761586542336097	77.311000
1761586542391372	78.382000
1761586542444145	76.630000
1761586542500634	77.986000
1761586542557780	80.282000
1761586542609949	78.043000
1761586542663091	76.306000
1761586542724485	83.310000
1761586542775568	80.056000
1761586542828581	78.559000
1761586542882996	78.131000
1761586542940549	81.295000
1761586542990939	77.298000
1761586543044343	75.934000
1761586543099177	76.287000
1761586543157347	80.201000
1761586543208541	76.779000
1761586543269077	82.556000
1761586543322795	81.354000
1761586543373380	77.703000
1761586543435038	84.248000
1761586543485285	80.094000
1761586543539739	79.838000
1761586543591916	77.467000
1761586543651972	82.898000
1761586543701722	78.618000
1761586543755330	77.198000
1761586543817411	84.270000
1761586543867871	80.598000
1761586543920700	78.663000
1761586543974305	77.852000
1761586544033409	82.445000
1761586544083762	78.561000
1761586544137900	77.880000
1761586544192308	77.645000
1761586544252237	83.294000
1761586544303902	80.617000
1761586544356663	78.613000
1761586544417222	84.258000
1761586544469444	82.216000
1761586544524933	83.111000
1761586544573840	77.312000
1761586544634043	83.140000
1761586544685308	80.146000
1761586544743552	82.819000
1761586544791467	76.400000
1761586544847684	78.611000
1761586544905503	81.639000
1761586544960407	81.695000
1761586545010368	77.535000
1761586545063566	76.499000
1761586545123535	81.491000
1761586545177695	81.430000
1761586545227923	77.462000
1761586545283090	77.831000
1761586545340990	81.373000
1761586545388308	74.252000
1761586545444692	75.985000
1761586545500832	77.426000
1761586545560396	82.777000
1761586545607353	75.406000
1761586545664121	77.719000
1761586545717699	76.697000
1761586545775057	79.817000
1761586545829033	78.616000
1761586545889167	83.848000
1761586545933023	73.442000
1761586545991717	77.752000
1761586546044683	76.364000
1761586546105903	83.684000
1761586546158099	81.888000
1761586546209539	78.802000
1761586546269309	83.847000
1761586546322773	83.066000
1761586546378030	83.939000
1761586546427927	78.564000
1761586546485977	82.123000
1761586546537295	79.064000
1761586546594750	83.932000
1761586546651960	86.106000
1761586546702070	81.136000
1761586546756275	81.061000
1761586546810564	80.133000
1761586546864948	80.120000
1761586546917345	77.812000
1761586546976568	82.075000
1761586547029763	80.990000
1761586547079668	76.923000
1761586547135867	78.671000
1761586547189783	77.408000
1761586547249126	82.480000
1761586547299412	78.272000
1761586547361329	85.362000
1761586547405297	75.151000
1761586547461230	76.792000
1761586547516770	77.899000
1761586547578410	84.982000
1761586547620404	72.710000
1761586547680381	78.202000
1761586547733026	76.252000
1761586547794743	83.403000
1761586547843564	77.385000
1761586547907044	85.402000
1761586547949364	73.644000
1761586548009831	80.054000
1761586548064799	80.359000
1761586548113078	74.341000
1761586548173246	80.377000
1761586548229173	81.468000
1761586548289332	86.916000
1761586548290154	142.449000
1761586548293593	91.177000
1761586548335402	79.503000
1761586548390227	79.666000
1761586548449448	84.556000
1761586548495183	75.963000
1761586548552222	78.338000
1761586548607893	79.215000
1761586548666410	82.696000
1761586548716206	78.216000
1761586548774007	81.002000
1761586548830515	82.424000
1761586548875536	73.036000
1761586548928553	70.685000
1761586548971322	59.547000
1761586549026527	61.778000
1761586549078739	60.866000
1761586549131153	60.179000
1761586549181997	57.901000
1761586549236784	59.777000
1761586549290476	60.589000
1761586549342759	60.059000
1761586549396173	60.160000
1761586549448675	59.655000
1761586549502584	60.535000
1761586549553169	58.217000
1761586549608610	60.845000
1761586549661590	60.608000
1761586549713179	58.878000
1761586549768532	61.421000
1761586549818637	58.603000
1761586549872873	61.204000
1761586549937049	72.011000
1761586549993190	74.694000
1761586550039622	67.841000
1761586550094961	69.963000
1761586550146094	67.750000
1761586550201837	70.012000
1761586550264877	80.000000
1761586550268913	137.088000
1761586550270656	85.779000
1761586550309642	71.399000
1761586550362822	71.305000
1761586550414583	69.732000
1761586550468513	70.690000
1761586550521191	70.333000
1761586550575735	71.987000
1761586550631072	73.656000
1761586550679689	68.230000
1761586550732089	67.637000
1761586550787328	69.608000
1761586550841975	70.898000
1761586550898082	73.218000
1761586550953460	74.484000
1761586551009574	76.682000
1761586551061796	74.726000
1761586551112807	71.915000
1761586551169578	74.461000
1761586551225992	76.802000
1761586551278291	74.948000
1761586551328991	71.536000
1761586551389859	78.081000
1761586551441527	75.797000
1761586551494076	74.018000
1761586551545028	70.364000
1761586551602125	73.238000
1761586551659246	76.300000
1761586551710512	73.434000
1761586551764992	73.658000
1761586551816478	71.068000
1761586551870583	71.270000
1761586551928619	75.626000
1761586551985320	77.950000
1761586552039788	77.963000
1761586552095330	79.069000
1761586552150751	80.216000
1761586552196466	71.730000
1761586552258319	79.010000
1761586552311474	77.512000
1761586552366195	78.045000
1761586552423413	80.513000
1761586552477734	80.216000
1761586552531585	79.564000
1761586552583784	77.194000
1761586552644312	83.185000
1761586552692069	76.801000
1761586552746106	76.691000
1761586552802996	79.057000
1761586552859781	81.555000
1761586552908590	76.128000
1761586552964555	77.586000
1761586553018059	76.350000
1761586553077555	82.019000
1761586553126398	77.253000
1761586553180033	76.510000
1761586553233317	75.920000
1761586553291148	79.939000
1761586553342851	77.868000
1761586553395283	76.001000
1761586553458206	85.070000
1761586553510662	83.936000
1761586553565573	85.190000
1761586553567964	141.238000
1761586553568782	88.399000
1761586553615541	80.145000
1761586553674569	84.760000
1761586553722945	79.058000
1761586553778687	80.316000
1761586553829370	76.661000
1761586553888728	81.670000
1761586553940633	79.139000
1761586553997147	81.059000
1761586554044858	74.648000
1761586554101443	76.781000
1761586554158513	79.477000
1761586554209777	76.838000
1761586554259998	72.904000
1761586554318135	76.736000
1761586554371246	75.690000
1761586554424555	75.025000
1761586554475643	71.958000
1761586554534732	76.773000
1761586554586996	75.466000
1761586554638182	73.115000
1761586554695495	76.217000
1761586554748198	74.504000
1761586554801763	74.122000
1761586554853502	72.008000
1761586554911995	76.397000
1761586554966105	76.321000
1761586555017593	74.065000
1761586555078246	80.495000
1761586555131898	79.213000
1761586555192127	84.765000
1761586555245091	83.290000
1761586555298312	82.221000
1761586555348664	77.767000
1761586555408959	83.709000
1761586555460843	81.305000
1761586555517624	83.237000
1761586555570230	81.293000
1761586555621572	78.578000
1761586555679532	81.699000
1761586555734479	82.267000
1761586555786049	79.476000
1761586555843542	82.638000
1761586555896820	81.048000
1761586555952000	81.858000
1761586556005213	81.025000
1761586556060333	81.659000
1761586556115304	81.602000
1761586556165690	77.942000
1761586556220528	78.233000
1761586556278284	81.802000
1761586556330551	79.672000
1761586556382196	76.921000
1761586556444441	84.219000
1761586556491549	77.149000
1761586556546693	78.487000
1761586556600892	78.395000
1761586556661548	84.335000
1761586556710559	79.266000
1761586556763127	76.651000
1761586556826512	85.349000
1761586556878467	82.688000
1761586556929776	79.631000
1761586556986053	81.302000
1761586557032204	73.186000
1761586557093542	80.445000
1761586557151477	83.252000
1761586557202402	79.682000
1761586557268460	91.258000
1761586557312213	80.111000
1761586557368614	82.196000
1761586557419128	78.621000
1761586557474447	79.636000
1761586557531081	81.385000
1761586557581858	77.686000
1761586557645389	86.392000
1761586557694685	81.363000
1761586557743050	75.549000
1761586557801816	79.960000
1761586557862256	85.820000
1761586557911789	81.170000
1761586557964470	79.249000
1761586558023132	83.359000
1761586558076444	82.128000
1761586558128542	79.685000
1761586558179336	75.416000
1761586558236812	78.989000
1761586558281751	72.062000
1761586558340481	76.832000
1761586558396106	77.664000
1761586558451730	78.989000
1761586558507067	79.899000
1761586558559921	78.022000
1761586558612969	76.710000
1761586558664305	73.766000
1761586558720406	75.716000
1761586558779062	79.868000
1761586558833467	80.023000
1761586558886691	79.034000
1761586558940547	78.372000
1761586558995843	79.422000
1761586559048531	77.995000
1761586559101860	76.450000
1761586559161754	81.996000
1761586559213000	79.271000
1761586559274713	86.524000
1761586559328365	85.109000
1761586559379000	81.452000
1761586559430810	79.089000
1761586559485342	78.844000
1761586559545838	84.562000
1761586559596267	80.801000
1761586559650138	80.267000
1761586559710904	85.902000
1761586559761099	81.800000
1761586559812421	79.021000
1761586559867347	79.492000
1761586559928050	85.381000
1761586559978646	82.126000
1761586560028493	77.784000
1761586560082925	77.344000
1761586560144337	83.919000
1761586560193627	78.914000
1761586560260168	90.868000
1761586560306134	82.280000
1761586560352006	73.904000
1761586560410807	78.225000
1761586560469852	82.521000
1761586560516382	74.986000
1761586560577075	81.311000
1761586560628326	77.971000
1761586560688526	83.245000
1761586560738298	78.878000
1761586560793309	79.058000
1761586560851912	82.470000
1761586560902467	78.188000
1761586560960426	81.445000
1761586561015231	81.832000
1761586561062538	75.469000
1761586561121423	79.620000
1761586561176846	80.755000
1761586561230303	79.750000
1761586561279129	74.533000
1761586561280523	129.970000
1761586561283759	79.163000
1761586561335469	76.684000
1761586561395989	83.017000
1761586561445583	78.204000
1761586561499513	77.853000
1761586561553232	76.480000
1761586561608416	77.424000
1761586561664708	79.257000
1761586561717987	78.137000
1761586561772585	77.761000
1761586561829837	80.681000
1761586561879299	75.593000
1761586561942561	84.090000
1761586561986366	73.637000
1761586562044591	77.724000
1761586562103424	81.821000
1761586562151121	74.929000
1761586562210705	78.818000
1761586562268008	80.666000
1761586562315188	72.929000
1761586562375317	78.638000
1761586562428521	76.112000
1761586562486860	79.960000
1761586562539740	77.776000
1761586562599671	82.112000
1761586562644177	72.300000
1761586562708360	81.425000
1761586562759690	78.019000
1761586562814982	78.800000
1761586562868815	78.034000
1761586562922949	77.743000
1761586562976159	76.884000
1761586563030276	76.507000
1761586563091938	82.618000
1761586563143638	78.591000
1761586563197648	78.028000
1761586563261470	87.137000
1761586563305219	76.336000
1761586563361275	77.466000
1761586563424758	85.586000
1761586563474402	80.680000
1761586563528085	79.919000
1761586563587251	83.878000
1761586563633559	75.140000
1761586563691210	78.538000
1761586563745366	78.120000
1761586563805728	83.035000
1761586563857190	79.670000
1761586563915727	83.464000
1761586563967530	80.745000
1761586564022299	81.397000
1761586564077682	81.811000
1761586564133111	82.237000
1761586564184819	79.549000
1761586564244058	84.276000
1761586564295452	80.493000
1761586564346870	77.775000
1761586564401525	77.235000
1761586564459919	80.952000
1761586564512205	78.633000
1761586564565634	76.873000
1761586564627073	83.603000
1761586564678112	80.216000
1761586564734889	81.948000
1761586564784682	77.303000
1761586564844307	81.925000
1761586564899110	81.623000
1761586564950201	78.433000
1761586565004774	78.295000
1761586565062960	81.344000
1761586565114124	78.353000
1761586565168460	78.243000
1761586565226670	81.458000
1761586565279660	79.816000
1761586565337726	83.474000
1761586565386866	78.300000
1761586565444359	80.609000
1761586565502271	83.036000
1761586565552858	79.541000
1761586565608316	80.496000
1761586565663337	80.798000
1761586565715183	78.335000
1761586565768295	76.981000
1761586565827586	81.859000
1761586565879545	79.652000
1761586565941768	87.173000
1761586565989733	80.023000
1761586566047034	82.825000
1761586566099081	80.519000
1761586566149787	76.430000
1761586566211002	82.848000
1761586566273841	91.406000
1761586566314957	78.081000
1761586566370436	78.952000
1761586566426821	80.495000
1761586566478669	78.034000
1761586566540394	84.958000
1761586566583125	73.375000
1761586566646944	83.089000
1761586566697884	79.361000
1761586566753819	80.823000
1761586566806291	78.975000
1761586566863126	81.090000
1761586566917343	80.953000
1761586566966531	75.928000
1761586567028360	83.047000
1761586567079931	79.913000
1761586567129341	75.020000
1761586567188023	79.356000
1761586567242540	79.289000
1761586567296205	78.656000
1761586567350902	78.929000
1761586567403499	77.184000
1761586567462258	81.693000
1761586567521207	86.054000
1761586567567599	77.527000
1761586567626762	82.043000
1761586567676822	77.747000
1761586567733846	80.038000
1761586567783111	75.030000
1761586567842189	79.796000
1761586567896065	78.840000
1761586567953244	81.686000
1761586568000199	74.546000
1761586568059787	79.934000
1761586568117253	82.707000
1761586568164623	75.574000
1761586568225600	82.327000
1761586568279277	81.492000
1761586568333768	81.258000
1761586568385060	78.327000
1761586568443041	81.638000
1761586568499200	83.048000
1761586568551274	80.524000
1761586568603860	78.644000
1761586568658909	79.075000
1761586568715096	81.085000
1761586568769665	81.154000
1761586568825875	82.464000
1761586568879419	81.444000
1761586568929541	76.996000
1761586568992107	84.812000
1761586569042911	81.237000
1761586569091136	77.400000
1761586569145255	77.100000
1761586569200651	78.025000
1761586569258565	81.454000
1761586569311079	79.453000
1761586569369903	83.563000
1761586569422032	81.467000
1761586569472428	76.973000
1761586569527089	76.461000
1761586569586591	81.626000
1761586569640575	81.165000
1761586569690876	77.390000
1761586569751372	82.236000
1761586569795467	71.915000
1761586569858875	80.806000
1761586569909480	77.109000
1761586569971063	84.161000
1761586570022466	81.276000
1761586570078349	81.996000
1761586570127958	77.348000
1761586570182037	76.750000
1761586570256587	96.540000
1761586570292674	80.932000
1761586570343637	77.335000
1761586570406466	85.398000
1761586570452104	76.624000
1761586570509212	79.359000
1761586570562220	77.689000
1761586570620397	81.400000
1761586570677029	83.758000
1761586570727649	79.676000
1761586570783205	81.172000
1761586570834096	77.953000
1761586570894108	83.178000
1761586570943668	78.500000
1761586570997914	77.970000
1761586571059304	84.360000
1761586571108848	79.637000
1761586571161765	78.022000
1761586571221369	83.240000
1761586571271778	79.365000
1761586571325986	79.344000
1761586571388853	87.599000
1761586571435398	79.737000
1761586571492779	82.641000
1761586571540969	76.539000
1761586571597090	78.267000
1761586571651286	77.683000
1761586571706214	78.394000
1761586571760398	78.310000
1761586571817741	80.890000
1761586571871962	80.584000
1761586571922351	76.770000
1761586571975515	75.898000
1761586572032614	78.303000
1761586572090043	81.688000
1761586572139296	76.760000
1761586572194922	77.377000
1761586572272744	101.023000
1761586572303678	77.686000
1761586572357148	76.573000
1761586572414580	79.742000
1761586572467890	78.933000
1761586572523120	79.767000
1761586572576194	78.590000
1761586572625294	73.518000
1761586572684758	78.069000
1761586572741374	80.451000
1761586572794285	79.015000
1761586572847155	77.369000
1761586572907995	84.032000
1761586572956771	78.473000
1761586573015323	82.267000
1761586573060701	73.188000
1761586573119320	77.669000
1761586573178533	82.210000
1761586573228418	77.963000
1761586573281988	77.035000
1761586573338942	79.187000
1761586573392493	78.257000
1761586573445941	76.881000
1761586573500881	77.270000
1761586573559636	81.510000
1761586573610441	77.175000
1761586573667338	79.622000
1761586573723171	81.007000
1761586573779820	82.805000
1761586573831422	80.345000
1761586573885841	80.295000
1761586573944882	84.594000
1761586573995034	80.395000
1761586574049830	81.000000
1761586574102160	78.699000
1761586574159870	82.153000
1761586574210830	78.975000
1761586574268173	81.741000
1761586574325349	84.072000
1761586574374272	78.801000
1761586574429794	79.861000
1761586574490095	85.532000
1761586574541782	82.859000
1761586574593266	79.747000
1761586574653574	85.226000
1761586574707018	83.811000
1761586574756759	80.113000
1761586574809230	77.946000
1761586574867833	82.241000
1761586574917399	77.332000
1761586574974718	79.952000
1761586575030051	80.964000
1761586575080814	77.473000
1761586575140817	82.696000
1761586575193754	81.191000
1761586575250774	84.134000
1761586575297543	76.199000
1761586575358261	82.209000
1761586575407832	77.597000
1761586575464532	79.461000
1761586575524789	84.800000
1761586575568683	74.703000
1761586575626470	78.056000
1761586575686313	82.786000
1761586575736265	78.244000
1761586575794357	80.997000
1761586575849246	81.369000
1761586575895085	73.143000
1761586575958179	81.987000
1761586576011848	80.774000
1761586576060455	75.063000
1761586576115545	76.086000
1761586576176546	82.291000
1761586576229612	81.080000
1761586576279250	76.348000
1761586576333210	75.902000
1761586576394424	82.472000
1761586576444056	78.077000
1761586576497752	77.425000
1761586576560796	85.893000
1761586576605787	76.712000
1761586576660653	77.477000
1761586576716298	78.555000
1761586576777356	85.474000
1761586576826208	80.070000
1761586576879932	79.337000
1761586576940402	85.023000
1761586576994575	85.069000
1761586577046026	82.048000
1761586577096930	78.262000
1761586577158164	84.971000
1761586577209365	81.867000
1761586577265554	83.549000
1761586577318490	81.765000
1761586577372370	81.395000
1761586577424459	78.725000
1761586577482589	82.375000
1761586577531613	77.184000
1761586577588041	79.087000
1761586577647137	83.346000
1761586577699325	81.167000
1761586577749138	76.645000
1761586577812178	85.016000
1761586577859308	77.252000
1761586577916233	79.428000
1761586577975631	84.187000
1761586578025241	79.799000
1761586578077264	77.522000
1761586578136272	81.765000
1761586578186317	77.919000
1761586578243884	80.980000
1761586578298991	80.661000
1761586578347589	75.015000
1761586578401507	74.803000
1761586578463168	82.106000
1761586578510950	75.617000
1761586578568086	77.982000
1761586578627905	83.466000
1761586578678946	80.078000
1761586578730514	77.092000
1761586578789427	81.681000
1761586578843523	81.490000
1761586578896429	80.342000
1761586578951728	81.581000
1761586579002799	78.432000
1761586579061474	82.390000
1761586579113027	79.451000
1761586579166027	77.983000
1761586579219767	77.344000
1761586579278668	81.803000
1761586579329760	78.186000
1761586579388223	82.042000
1761586579438937	78.504000
1761586579495264	80.330000
1761586579551847	82.299000
1761586579601388	77.750000
1761586579657478	79.380000
1761586579712565	79.933000
1761586579772524	85.479000
1761586579819891	78.068000
1761586579878039	81.757000
1761586579931876	81.177000
1761586579982605	77.105000
1761586580041957	82.444000
1761586580092636	78.970000
1761586580146677	78.571000
1761586580205958	83.402000
1761586580258369	81.728000
1761586580309840	78.430000
1761586580362141	76.509000
1761586580418845	79.206000
1761586580473741	79.638000
1761586580528921	80.509000
1761586580582415	79.446000
1761586580636239	78.718000
1761586580693590	82.062000
1761586580741588	76.049000
1761586580795960	76.248000
1761586580859962	85.584000
1761586580910445	82.044000
1761586580960753	77.427000
1761586581021075	82.938000
1761586581073444	81.206000
1761586581128790	82.037000
1761586581181991	80.758000
1761586581234908	78.854000
1761586581289229	78.660000
1761586581345309	79.757000
1761586581398668	78.679000
1761586581453454	78.464000
1761586581511042	81.938000
1761586581560335	76.686000
1761586581621300	82.737000
1761586581670923	78.280000
1761586581728264	80.503000
1761586581778758	76.824000
1761586581835620	79.376000
1761586581890908	80.209000
1761586581945563	80.509000
1761586581997568	78.312000
1761586582052925	78.798000
1761586582111334	82.640000
1761586582160840	78.043000
1761586582215159	77.919000
1761586582276722	84.703000
1761586582325579	79.065000
1761586582380131	79.104000
1761586582433012	77.290000
1761586582492198	81.875000
1761586582547027	82.517000
1761586582601197	82.013000
1761586582647984	74.531000
1761586582706697	78.859000
1761586582761903	79.660000
1761586582816437	80.123000
1761586582863067	72.433000
1761586582926376	81.532000
1761586582978295	77.900000
1761586583035166	79.979000
1761586583086494	77.084000
1761586583146928	82.648000
1761586583197552	79.110000
1761586583262474	89.530000
1761586583307475	79.677000
1761586583363069	80.395000
1761586583414277	77.268000
1761586583469532	77.659000
1761586583528818	82.754000
1761586583577078	76.643000
1761586583633968	78.660000
1761586583695093	85.720000
1761586583744617	80.978000
1761586583798253	80.243000
1761586583858941	86.398000
1761586583908161	81.135000
1761586583962123	80.547000
1761586584015389	78.728000
1761586584071684	81.124000
1761586584124767	79.771000
1761586584178356	78.656000
1761586584234818	80.622000
1761586584285009	76.652000
1761586584346343	82.725000
1761586584399247	81.033000
1761586584447481	74.892000
1761586584503231	76.565000
1761586584563317	81.839000
1761586584612610	76.870000
1761586584667696	77.906000
1761586584727949	82.984000
1761586584781252	81.644000
1761586584831571	77.391000
1761586584894583	85.572000
1761586584944336	80.942000
1761586584996111	78.117000
1761586585049231	76.255000
1761586585108968	81.758000
1761586585153979	72.434000
1761586585215572	79.671000
1761586585272395	81.981000
1761586585327090	82.592000
1761586585377048	78.172000
1761586585430916	77.236000
1761586585489596	81.541000
1761586585544874	82.383000
1761586585595312	78.487000
1761586585653219	82.504000
1761586585704920	80.625000
1761586585762310	83.969000
1761586585814167	81.944000
1761586585869462	82.905000
1761586585916138	75.939000
1761586585977416	83.560000
1761586586028309	80.422000
1761586586082984	80.520000
1761586586140034	83.099000
1761586586193678	82.666000
1761586586245344	79.180000
1761586586295424	75.165000
1761586586353600	78.732000
1761586586409596	80.363000
1761586586464567	80.951000
1761586586514284	76.560000
1761586586572866	81.060000
1761586586629869	83.309000
1761586586679063	78.185000
1761586586732470	77.202000
1761586586787447	77.659000
1761586586845579	81.342000
1761586586897825	78.516000
1761586586952205	78.317000
1761586587010586	82.305000
1761586587061238	78.529000
1761586587119657	82.464000
1761586587166584	75.109000
1761586587227547	81.519000
1761586587282753	81.508000
1761586587336078	80.261000
1761586587392889	82.921000
1761586587443590	78.559000
1761586587501454	82.164000
1761586587552458	79.062000
1761586587608443	80.516000
1761586587663830	81.749000
1761586587714621	78.302000
1761586587768341	77.504000
1761586587825250	79.959000
1761586587880631	81.093000
1761586587930550	76.792000
1761586587993839	85.396000
1761586588044944	82.272000
1761586588096665	79.781000
1761586588151157	79.665000
1761586588152089	135.205000
1761586588159026	87.534000
1761586588208146	81.546000
1761586588257920	77.104000
1761586588312891	77.426000
1761586588370431	80.499000
1761586588427851	83.458000
1761586588481387	82.689000
1761586588534298	81.280000
1761586588585501	78.293000
1761586588645799	83.902000
1761586588696411	80.358000
1761586588749045	78.691000
1761586588803298	78.571000
1761586588862307	83.477000
1761586588911684	78.530000
1761586588964290	76.771000
1761586589022714	81.036000
1761586589080068	84.135000
1761586589130677	80.353000
1761586589186314	81.657000
1761586589231714	72.705000
1761586589289538	75.673000
1761586589345911	77.657000
1761586589396323	73.884000
1761586589452636	75.704000
1761586589509562	78.086000
1761586589560627	74.727000
1761586589615962	75.523000
1761586589671255	76.236000
1761586589723567	74.409000
1761586589779746	76.124000
1761586589834180	75.743000
1761586589885312	72.508000
1761586589944542	77.122000
1761586589997918	75.476000
1761586590049385	72.588000
1761586590111474	80.024000
1761586590161442	75.114000
1761586590213778	73.193000
1761586590278570	83.504000
1761586590333895	83.864000
1761586590385182	81.015000
1761586590436358	77.695000
1761586590493231	79.844000
1761586590548640	80.676000
1761586590600197	78.070000
1761586590655845	79.034000
1761586590713068	81.894000
1761586590763613	77.911000
1761586590819011	78.421000
1761586590878559	83.146000
1761586590926979	77.172000
1761586590982690	78.595000
1761586591045611	86.442000
1761586591094221	80.683000
1761586591146571	77.808000
1761586591202331	78.963000
1761586591260984	82.988000
1761586591311308	79.158000
1761586591365247	78.452000
1761586591426158	84.562000
1761586591478700	82.967000
1761586591531542	81.357000
1761586591587721	82.979000
1761586591641952	85.660000
1761586591691247	80.697000
1761586591747497	82.484000
1761586591802358	82.418000
1761586591853324	79.314000
1761586591910498	82.051000
1761586591966157	82.486000
1761586592016854	78.997000
1761586592071972	79.729000
1761586592130682	83.868000
1761586592182995	81.752000
1761586592236059	79.961000
1761586592293486	82.580000
1761586592339693	74.425000
1761586592395307	75.543000
1761586592458374	83.898000
1761586592501991	73.213000
1761586592560923	77.817000
1761586592615022	77.370000
1761586592672888	80.610000
1761586592719175	72.644000
1761586592780355	78.813000
1761586592832678	76.645000
1761586592889001	78.801000
1761586592946837	81.806000
1761586592997993	78.439000
1761586593051760	77.710000
1761586593111288	82.485000
1761586593163905	80.540000
1761586593218318	80.667000
1761586593278465	86.582000
1761586593324884	78.511000
1761586593383638	82.066000
1761586593429760	73.890000
1761586593490204	79.780000
1761586593548561	83.187000
1761586593600234	80.437000
1761586593657183	82.878000
1761586593708671	79.848000
1761586593765838	82.264000
1761586593816299	78.564000
1761586593873835	81.255000
1761586593942628	94.838000
1761586594013499	110.670000
1761586594082002	123.692000
1761586594139222	125.407000
1761586594192526	123.271000
1761586594259641	134.815000
1761586594314697	134.397000
1761586594366878	131.570000
1761586594424297	133.347000
1761586594463419	117.419000
1761586594506530	105.123000
1761586594549866	93.820000
1761586594599658	88.544000
1761586594659912	93.817000
1761586594711697	91.251000
1761586594763122	87.862000
1761586594826348	95.788000
1761586594875621	90.887000
1761586594926613	87.439000
1761586594988570	94.209000
1761586595038558	89.959000
1761586595099005	94.958000
1761586595144165	85.187000
1761586595200751	87.256000
1761586595265873	97.063000
1761586595311251	87.819000
1761586595374746	96.788000
1761586595427542	94.864000
1761586595468365	81.282000
1761586595516295	74.400000
1761586595565282	69.671000
1761586595626558	76.858000
1761586595678181	74.584000
1761586595729952	72.371000
1761586595778097	66.326000
1761586595837678	72.207000
1761586595888072	68.870000
1761586595888797	123.326000
1761586595892145	72.943000
1761586595942972	69.574000
1761586595998470	71.391000
1761586596049376	68.579000
1761586596105396	70.370000
1761586596160978	71.927000
1761586596214429	71.842000
1761586596275696	79.463000
1761586596275808	133.221000
1761586596278790	82.557000
1761586596320402	69.947000
1761586596378008	73.536000
1761586596430415	72.652000
1761586596482272	70.932000
1761586596534974	69.925000
1761586596594069	74.704000
1761586596647061	73.920000
1761586596698373	71.531000
1761586596750911	70.682000
1761586596803083	68.531000
1761586596862688	74.150000
1761586596914748	72.798000
1761586596967473	72.217000
1761586597018881	69.176000
1761586597078661	74.489000
1761586597130588	73.051000
1761586597180009	68.476000
1761586597241700	75.626000
1761586597294412	74.083000
1761586597343887	69.373000
1761586597399172	70.294000
1761586597460005	77.704000
1761586597512910	76.113000
1761586597577344	86.749000
1761586597626980	82.303000
1761586597679234	80.201000
1761586597738346	84.598000
1761586597791408	83.752000
1761586597833589	71.897000
1761586597894419	78.783000
1761586597947966	77.734000
1761586598010801	86.735000
1761586598060991	83.176000
1761586598112091	80.018000
1761586598173027	86.016000
1761586598225770	84.323000
1761586598280029	84.310000
1761586598335643	85.490000
1761586598389291	84.477000
1761586598439080	80.066000
1761586598495477	81.828000
1761586598545846	77.748000
1761586598601725	79.618000
1761586598654230	77.582000
1761586598712703	81.267000
1761586598765685	79.839000
1761586598817884	77.624000
1761586598875413	80.345000
1761586598928087	78.777000
1761586598980539	77.479000
1761586599034206	77.496000
1761586599093474	81.970000
1761586599144343	78.591000
1761586599194896	75.111000
1761586599259548	85.602000
1761586599306667	78.116000
1761586599361828	78.881000
1761586599410889	74.061000
1761586599463201	72.102000
1761586599525001	79.960000
1761586599578723	79.231000
1761586599632817	79.240000
1761586599686483	78.337000
1761586599745506	82.904000
1761586599793653	76.862000
1761586599844680	73.910000
1761586599903978	78.860000
1761586599961815	81.754000
1761586600012013	77.288000
1761586600069066	80.725000
1761586600112552	69.647000
1761586600181027	83.223000
1761586600230061	77.278000
1761586600283669	76.872000
1761586600343925	82.714000
1761586600398089	82.024000
1761586600443353	73.188000
1761586600494955	70.374000
1761586600560014	81.602000
1761586600615103	81.862000
1761586600660640	72.916000
1761586600722981	81.238000
1761586600777728	81.473000
1761586600833063	82.532000
1761586600893179	88.441000
1761586600938651	79.482000
1761586601002283	88.388000
1761586601048704	80.627000
1761586601101000	78.223000
1761586601159057	81.541000
1761586601210392	78.888000
1761586601263786	77.233000
1761586601326302	85.120000
1761586601376244	80.845000
1761586601426922	76.928000
1761586601488315	83.449000
1761586601542695	83.457000
1761586601593675	79.919000
1761586601649640	81.162000
1761586601701325	78.401000
1761586601759778	82.006000
1761586601806574	74.611000
1761586601864152	77.628000
1761586601917440	76.417000
1761586601977571	82.531000
1761586602026493	76.871000
1761586602079293	75.110000
1761586602139079	80.815000
1761586602192894	80.132000
1761586602256299	89.082000
1761586602295094	73.596000
1761586602355795	80.254000
1761586602412856	82.582000
1761586602461301	76.765000
1761586602515949	77.217000
1761586602576193	82.709000
1761586602629093	81.373000
1761586602680528	78.336000
1761586602734333	77.445000
1761586602794623	83.376000
1761586602838513	73.014000
1761586602898175	78.184000
1761586602950368	75.801000
1761586603013951	85.008000
1761586603060897	77.582000
1761586603123753	85.582000
1761586603166652	74.291000
1761586603228263	81.883000
1761586603281819	80.654000
1761586603339844	83.907000
1761586603383164	73.130000
1761586603445411	80.824000
1761586603497965	78.630000
1761586603555762	82.289000
1761586603605111	77.373000
1761586603663943	81.501000
1761586603718334	80.734000
1761586603771509	79.452000
1761586603827101	80.693000
1761586603879823	79.144000
1761586603933894	78.940000
1761586603988012	78.508000
1761586604048497	84.216000
1761586604097486	79.139000
1761586604151232	77.751000
1761586604213597	85.395000
1761586604258538	76.141000
1761586604314883	78.505000
1761586604370202	79.011000
1761586604428299	82.428000
1761586604476297	76.315000
1761586604531349	77.315000
1761586604586978	77.597000
1761586604647379	84.002000
1761586604696029	78.475000
1761586604750213	77.503000
1761586604813411	86.168000
1761586604852568	71.097000
1761586604914487	78.531000
1761586604965988	75.252000
1761586605027819	82.636000
1761586605079364	79.646000
1761586605137441	82.959000
1761586605186808	78.215000
1761586605239774	76.779000
1761586605297831	80.009000
1761586605359302	85.915000
1761586605407218	78.923000
1761586605460625	77.789000
1761586605520641	83.769000
1761586605564290	73.652000
1761586605626429	82.024000
1761586605678189	79.396000
1761586605729444	76.270000
1761586605790845	84.234000
1761586605832610	72.088000
1761586605892170	77.562000
1761586605946663	76.527000
1761586606009786	85.191000
1761586606057550	78.527000
1761586606112515	78.399000
1761586606172534	83.890000
1761586606215596	72.737000
1761586606275368	78.528000
1761586606336851	85.185000
1761586606379614	73.813000
1761586606440377	80.417000
1761586606492633	77.687000
1761586606553333	83.772000
1761586606595492	71.935000
1761586606657784	80.009000
1761586606709864	77.413000
1761586606769769	82.652000
1761586606820077	78.368000
1761586606878324	81.208000
1761586606933724	81.973000
1761586606980001	74.097000
1761586607041785	81.284000
1761586607099187	84.086000
1761586607149786	80.579000
1761586607201404	77.721000
1761586607262691	83.990000
1761586607315329	82.162000
1761586607366110	78.712000
1761586607426932	84.979000
1761586607477359	81.016000
1761586607527483	76.891000
1761586607581902	77.202000
1761586607643902	84.424000
1761586607693499	79.607000
1761586607747548	79.497000
1761586607810940	88.089000
1761586607859300	81.920000
1761586607911696	79.135000
1761586607967902	80.796000
1761586608012001	70.349000
1761586608077571	81.431000
1761586608130417	79.773000
1761586608183554	78.156000
1761586608237980	77.998000
1761586608293544	79.431000
1761586608345041	76.430000
1761586608399724	76.219000
1761586608459021	81.288000
1761586608510613	78.720000
1761586608563623	77.035000
1761586608625253	84.483000
1761586608675652	80.699000
1761586608732123	82.499000
1761586608777377	73.601000
1761586608838171	80.349000
1761586608895828	83.193000
1761586608947901	80.742000
1761586609000295	78.677000
1761586609055933	79.230000
1761586609111446	80.541000
1761586609164091	78.994000
1761586609225239	85.205000
1761586609279808	85.713000
1761586609325093	76.680000
1761586609389898	86.626000
1761586609439820	82.287000
1761586609494422	82.436000
1761586609543089	76.302000
1761586609604456	83.361000
1761586609655935	80.381000
1761586609712502	81.799000
1761586609762654	77.733000
1761586609818924	78.679000
1761586609875706	80.827000
1761586609927294	77.649000
1761586609981414	77.079000
1761586610033095	74.333000
1761586610092923	79.994000
1761586610142979	75.566000
1761586610204152	82.149000
1761586610255718	79.218000
1761586610309583	77.882000
1761586610366136	79.984000
1761586610410651	70.256000
1761586610475653	80.917000
1761586610531039	82.072000
1761586610581122	78.133000
1761586610632975	75.390000
1761586610693690	81.823000
1761586610738054	72.049000
1761586610797076	76.780000
1761586610850340	75.844000
1761586610901759	73.385000
1761586610959956	77.127000
1761586611023769	85.822000
1761586611077729	85.475000
1761586611118226	71.460000
1761586611178476	76.783000
1761586611244140	87.643000
1761586611288338	77.325000
1761586611350984	84.697000
1761586611394888	74.545000
1761586611457185	82.815000
1761586611507812	78.327000
1761586611567703	83.677000
1761586611619399	81.075000
1761586611677789	84.692000
1761586611723424	75.971000
1761586611782977	81.165000
1761586611838878	82.934000
1761586611893348	82.684000
1761586611944486	79.682000
1761586611997926	78.284000
1761586612057882	83.651000
1761586612108043	79.499000
1761586612160851	78.633000
1761586612213189	76.472000
1761586612276355	85.327000
1761586612324901	79.800000
1761586612377383	77.815000
1761586612440329	86.014000
1761586612483907	75.275000
1761586612541245	78.587000
1761586612593233	76.174000
1761586612657480	85.539000
1761586612698789	72.895000
1761586612760023	80.144000
1761586612809867	75.253000
1761586612862800	73.948000
1761586612925020	82.188000
1761586612973620	76.315000
1761586613035923	83.784000
1761586613079738	73.428000
1761586613144050	86.219000
1761586613193051	81.100000
1761586613255444	88.296000
1761586613301005	79.657000
1761586613357333	81.487000
1761586613411011	80.519000
1761586613466216	81.640000
1761586613515584	76.614000
1761586613576103	82.509000
1761586613627219	79.597000
1761586613680529	78.457000
1761586613744466	87.787000
1761586613792386	81.605000
1761586613844647	79.356000
1761586613902757	82.651000
1761586613957099	82.813000
1761586614011305	82.542000
1761586614061647	78.966000
1761586614117495	80.565000
1761586614170296	79.054000
1761586614227582	81.525000
1761586614280300	79.876000
1761586614333047	78.196000
1761586614384997	75.267000
1761586614445194	81.307000
1761586614493729	75.358000
1761586614549489	76.601000
1761586614609573	82.009000
1761586614655210	73.226000
1761586614713629	77.312000
1761586614768513	77.349000
1761586614826946	82.089000
1761586614870194	71.188000
1761586614930098	76.529000
1761586614992345	84.329000
1761586615034126	71.585000
1761586615094172	76.826000
1761586615157471	85.544000
1761586615210646	84.546000
1761586615265499	84.616000
1761586615311377	75.711000
1761586615364561	74.631000
1761586615424072	80.127000
1761586615478443	80.093000
1761586615536625	83.562000
1761586615588776	81.667000
1761586615641473	79.442000
1761586615700092	83.326000
1761586615745588	74.859000
1761586615803555	78.788000
1761586615857365	77.923000
1761586615916628	82.491000
1761586615962381	74.093000
1761586616019989	77.404000
1761586616079775	82.409000
1761586616129707	77.726000
1761586616183320	76.894000
1761586616246044	84.756000
1761586616290391	74.923000
1761586616347883	78.413000
1761586616403630	79.595000
1761586616462021	83.429000
1761586616511139	78.395000
1761586616565019	77.348000
1761586616628654	85.969000
1761586616677927	81.045000
1761586616728305	77.093000
1761586616793539	87.084000
1761586616844628	84.138000
1761586616896925	81.916000
1761586616951774	81.694000
1761586616997203	72.653000
1761586617055820	77.075000
1761586617115531	82.021000
1761586617166659	78.446000
1761586617222237	79.179000
1761586617282269	84.859000
1761586617327236	75.441000
1761586617384239	78.084000
1761586617437777	76.443000
1761586617495804	80.106000
1761586617548103	77.684000
1761586617600613	75.791000
1761586617661964	83.021000
1761586617711507	78.262000
1761586617764419	76.343000
1761586617823696	81.521000
1761586617878801	82.105000
1761586617933020	81.545000
1761586617979132	73.517000
1761586618038763	78.967000
1761586618095883	81.299000
1761586618143708	75.024000
1761586618201583	78.305000
1761586618262188	84.121000
1761586618310930	78.778000
1761586618363447	76.600000
1761586618430444	88.809000
1761586618480414	84.646000
1761586618529686	79.489000
1761586618586452	81.849000
1761586618636558	77.737000
1761586618695054	81.734000
1761586618750693	82.590000
1761586618800941	78.717000
1761586618855977	79.191000
1761586618915445	84.161000
1761586618965331	79.634000
1761586619019334	79.267000
1761586619071917	76.975000
1761586619129189	79.866000
1761586619183546	80.543000
1761586619234947	76.975000
1761586619288087	75.237000
1761586619345034	78.327000
1761586619398599	77.420000
1761586619461736	85.720000
1761586619503937	73.724000
1761586619562885	78.585000
1761586619616500	77.316000
1761586619676714	83.152000
1761586619719595	71.696000
1761586619781296	79.059000
1761586619832422	75.702000
1761586619884656	73.763000
1761586619945901	80.964000
1761586619996613	77.240000
1761586620061686	88.054000
1761586620100057	72.102000
1761586620161662	79.084000
1761586620213587	76.278000
1761586620272017	80.380000
1761586620327895	81.924000
1761586620377896	77.247000
1761586620437719	82.669000
1761586620481648	72.060000
1761586620543705	79.873000
1761586620601917	83.085000
1761586620655510	82.646000
1761586620710208	82.895000
1761586620764712	82.474000
1761586620816338	79.868000
1761586620874227	83.282000
1761586620926213	80.925000
1761586620982163	82.092000
1761586621033934	79.619000
1761586621087685	78.576000
1761586621144396	80.713000
1761586621198497	81.242000
1761586621259516	88.021000
1761586621302926	76.203000
1761586621361136	79.879000
1761586621409606	73.875000
1761586621467300	77.090000
1761586621526839	82.309000
1761586621575530	76.939000
1761586621631688	78.754000
1761586621692674	85.022000
1761586621735707	74.008000
1761586621793661	77.783000
1761586621856647	85.607000
1761586621899402	74.220000
1761586621959926	80.662000
1761586622011839	77.800000
1761586622073313	84.527000
1761586622127165	84.111000
1761586622176316	79.180000
1761586622228921	76.857000
1761586622287526	81.038000
1761586622332060	71.302000
1761586622395131	80.027000
1761586622452666	82.923000
1761586622496495	72.823000
1761586622560024	82.271000
1761586622610620	78.123000
1761586622663044	76.361000
1761586622722934	82.329000
1761586622777282	82.230000
1761586622828964	79.391000
1761586622885755	82.171000
1761586622936524	78.797000
1761586622996490	84.008000
1761586623043160	76.444000
1761586623101618	80.720000
1761586623155921	80.458000
1761586623214343	84.048000
1761586623265561	81.041000
1761586623315570	76.628000
1761586623373902	80.056000
1761586623429514	81.243000
1761586623480009	77.438000
1761586623537323	80.028000
1761586623594611	82.708000
1761586623644697	78.616000
1761586623697733	77.133000
1761586623751427	76.416000
1761586623812725	83.726000
1761586623861604	78.074000
1761586623921404	82.958000
1761586623966238	73.607000
1761586624027834	81.134000
1761586624080502	79.036000
1761586624130676	74.939000
1761586624190699	80.943000
