1761585958047483	56.258000
1761585958342733	297.835000
1761585958401776	300.685000
1761585958445873	287.670000
1761585958515979	301.080000
1761585958568732	297.319000
1761585958620980	293.591000
1761585958674077	290.676000
1761585958726797	286.800000
1761585958779295	283.794000
1761585958830413	279.703000
1761585958881802	275.597000
1761585958934861	276.842000
1761585958988460	274.995000
1761585959036899	267.562000
1761585959090772	265.170000
1761585959169538	287.197000
1761585959219422	281.267000
1761585959270595	276.878000
1761585959276745	227.487000
1761585959277585	173.915000
1761585959281242	231.984000
1761585959281376	121.685000
1761585959282694	179.024000
1761585959284437	68.011000
1761585959288774	129.083000
1761585959288943	72.517000
1761585959317020	48.732000
1761585959318999	102.573000
1761585959319478	51.190000
1761585959353398	33.563000
1761585959411953	40.686000
1761585959460975	38.201000
1761585959514553	40.323000
1761585959518986	96.212000
1761585959521747	47.517000
1761585959564094	38.345000
1761585959565426	91.196000
1761585959567553	41.804000
1761585959568823	94.593000
1761585959569883	44.134000
1761585959615835	38.618000
1761585959668847	40.109000
1761585959718273	37.819000
1761585959771653	39.495000
1761585959829108	45.455000
1761585959877554	42.328000
1761585959928914	42.202000
1761585959929926	94.700000
1761585959930778	44.066000
1761585959983209	44.984000
1761585960032477	42.745000
1761585960083135	41.830000
1761585960134011	41.168000
1761585960134766	93.461000
1761585960135314	42.471000
1761585960185671	40.613000
1761585960235707	39.036000
1761585960286955	38.724000
1761585960342351	42.607000
1761585960392811	41.470000
1761585960447306	44.483000
1761585960499146	44.799000
1761585960547702	41.870000
1761585960600279	42.921000
1761585960652030	43.191000
1761585960653207	95.849000
1761585960653638	44.799000
1761585960700383	40.007000
1761585960750859	38.937000
1761585960801638	38.171000
1761585960855173	40.144000
1761585960907930	41.288000
1761585960958798	40.514000
1761585961011418	41.588000
1761585961012138	93.854000
1761585961014524	44.694000
1761585961061458	40.155000
1761585961062218	92.388000
1761585961064018	42.715000
1761585961117604	44.789000
1761585961168400	44.095000
1761585961220389	44.455000
1761585961271993	44.201000
1761585961328313	48.735000
1761585961379510	48.216000
1761585961380988	101.410000
1761585961382240	50.946000
1761585961430024	46.991000
1761585961480067	45.418000
1761585961532904	46.543000
1761585961533866	99.217000
1761585961534815	48.454000
1761585961581763	43.783000
1761585961634361	44.779000
1761585961635431	97.451000
1761585961636255	46.673000
1761585961683335	42.038000
1761585961734717	41.476000
1761585961789967	44.757000
1761585961843469	46.276000
1761585961897371	48.401000
1761585961947240	46.570000
1761585961949737	100.767000
1761585961950573	49.903000
1761585961999480	47.075000
1761585962049511	45.316000
1761585962102883	47.123000
1761585962151996	44.555000
1761585962202774	43.601000
1761585962266272	55.002000
1761585962311319	48.096000
1761585962364921	50.103000
1761585962415772	49.034000
1761585962418574	103.756000
1761585962419798	53.060000
1761585962466920	48.044000
1761585962519808	48.905000
1761585962571967	49.025000
1761585962626722	51.826000
1761585962678531	51.681000
1761585962727651	48.984000
1761585962779577	49.062000
1761585962829543	47.215000
1761585962881569	47.255000
1761585962932493	46.160000
1761585962984614	46.262000
1761585963038166	47.810000
1761585963092299	49.982000
1761585963144345	50.240000
1761585963196378	50.352000
1761585963251178	53.379000
1761585963300183	50.565000
1761585963360087	58.310000
1761585963408421	54.303000
1761585963459701	53.359000
1761585963513781	54.987000
1761585963566347	54.999000
1761585963617136	53.338000
1761585963673958	57.962000
1761585963722637	54.532000
1761585963778319	57.876000
1761585963827610	54.820000
1761585963881780	56.525000
1761585963935102	57.291000
1761585963988554	58.360000
1761585964035708	53.331000
1761585964089149	54.586000
1761585964138990	51.985000
1761585964194053	54.436000
1761585964258845	66.771000
1761585964300300	56.638000
1761585964359774	62.566000
1761585964413771	63.345000
1761585964462985	59.382000
1761585964521913	65.059000
1761585964570326	60.487000
1761585964623693	61.002000
1761585964677633	61.528000
1761585964678319	115.628000
1761585964680473	64.368000
1761585964731557	62.284000
1761585964782477	60.343000
1761585964833848	58.618000
1761585964884840	56.251000
1761585964945613	63.554000
1761585964997337	62.208000
1761585965053447	65.702000
1761585965099475	58.357000
1761585965155249	60.647000
1761585965212750	65.006000
1761585965267940	67.362000
1761585965313292	60.669000
1761585965377031	71.194000
1761585965423517	63.920000
1761585965479862	66.157000
1761585965532615	65.054000
1761585965592850	71.914000
1761585965635906	61.201000
1761585965696973	67.980000
1761585965747535	64.813000
1761585965807505	71.495000
1761585965851093	61.300000
1761585965911805	67.941000
1761585965963393	65.843000
1761585966020591	69.715000
1761585966065675	60.995000
1761585966128353	69.592000
1761585966179146	66.584000
1761585966234445	68.624000
1761585966286932	67.380000
1761585966343829	71.743000
1761585966403563	76.456000
1761585966459920	78.240000
1761585966510171	74.101000
1761585966563787	73.770000
1761585966614851	70.485000
1761585966676661	77.441000
1761585966727284	73.747000
1761585966778844	71.172000
1761585966841709	78.859000
1761585966894826	77.705000
1761585966946270	74.956000
1761585967003512	77.420000
1761585967059822	79.238000
1761585967109934	75.559000
1761585967165851	76.877000
1761585967219544	76.241000
1761585967282973	85.919000
1761585967283286	139.983000
1761585967289282	92.228000
1761585967328747	77.605000
1761585967381556	75.550000
1761585967436189	76.157000
1761585967484676	70.177000
1761585967545329	75.957000
1761585967599147	75.372000
1761585967652387	75.041000
1761585967704275	72.384000
1761585967756505	69.870000
1761585967818253	77.494000
1761585967870896	76.399000
1761585967920583	71.361000
1761585967981092	76.893000
1761585968036233	78.047000
1761585968087562	75.550000
1761585968136660	70.198000
1761585968198934	77.653000
1761585968256059	80.395000
1761585968303747	74.620000
1761585968354801	71.161000
1761585968419883	80.946000
1761585968476086	82.185000
1761585968524141	75.637000
1761585968577749	75.107000
1761585968640315	84.423000
1761585968687425	77.082000
1761585968742560	77.907000
1761585968795482	76.489000
1761585968849992	76.987000
1761585968907155	80.731000
1761585968952802	72.120000
1761585969014527	78.799000
1761585969067149	77.038000
1761585969126253	82.154000
1761585969175076	76.923000
1761585969225073	72.801000
1761585969284286	76.914000
1761585969342642	80.912000
1761585969397812	82.340000
1761585969442284	72.460000
1761585969504715	79.258000
1761585969560144	79.134000
1761585969610665	74.942000
1761585969670562	80.691000
1761585969726757	81.429000
1761585969778184	77.741000
1761585969829519	74.714000
1761585969882469	73.286000
1761585969941942	78.474000
1761585969996147	77.582000
1761585970048535	75.523000
1761585970102035	74.411000
1761585970157170	75.338000
1761585970213812	77.248000
1761585970277270	85.526000
1761585970322330	75.664000
1761585970378289	77.280000
1761585970433767	77.548000
1761585970494528	83.294000
1761585970544598	79.025000
1761585970600253	80.156000
1761585970655559	80.448000
1761585970710112	79.869000
1761585970766169	81.209000
1761585970811559	72.071000
1761585970876561	82.196000
1761585970928988	79.331000
1761585970983142	78.432000
1761585971041572	81.881000
1761585971095719	81.032000
1761585971156187	86.463000
1761585971209658	85.306000
1761585971259031	79.761000
1761585971312003	77.264000
1761585971365844	76.268000
1761585971427216	82.990000
1761585971475441	76.713000
1761585971531855	78.243000
1761585971583993	75.483000
1761585971638330	75.257000
1761585971691883	74.507000
1761585971749263	77.467000
1761585971805371	78.271000
1761585971860705	79.087000
1761585971909477	73.532000
1761585971967832	77.545000
1761585972027094	82.200000
1761585972077440	77.751000
1761585972128792	74.827000
1761585972190661	82.496000
1761585972258842	95.399000
1761585972294586	75.770000
1761585972347949	74.563000
1761585972400720	73.052000
1761585972459835	77.796000
1761585972514542	77.194000
1761585972572043	79.790000
1761585972628687	81.906000
1761585972682098	80.036000
1761585972735079	77.992000
1761585972792781	81.029000
1761585972841679	75.653000
1761585972898271	77.914000
1761585972958311	82.348000
1761585973015285	84.599000
1761585973060017	74.855000
1761585973120502	81.099000
1761585973176381	82.091000
1761585973225772	76.706000
1761585973284545	80.821000
1761585973329531	71.143000
1761585973392666	78.981000
1761585973445108	76.430000
1761585973508244	85.311000
1761585973558879	81.035000
1761585973610829	77.526000
1761585973672399	84.407000
1761585973715854	73.549000
1761585973775496	78.448000
1761585973827974	76.424000
1761585973889462	82.965000
1761585973937597	76.676000
1761585973994287	79.043000
1761585974051038	80.416000
1761585974109387	83.423000
1761585974157785	77.046000
1761585974212954	77.524000
1761585974272362	81.510000
1761585974327709	81.820000
1761585974375866	75.480000
1761585974433511	78.538000
1761585974492645	82.411000
1761585974548259	83.024000
1761585974593545	73.798000
1761585974651711	77.302000
1761585974710941	80.982000
1761585974765969	81.358000
1761585974813167	74.198000
1761585974873841	80.376000
1761585974926702	77.721000
1761585974986433	82.615000
1761585975030990	72.901000
1761585975091760	79.036000
1761585975144649	76.901000
1761585975198268	75.670000
1761585975258642	81.669000
1761585975309879	78.764000
1761585975363720	77.637000
1761585975425550	84.690000
1761585975470076	74.813000
1761585975528254	78.579000
1761585975582547	77.722000
1761585975643918	83.763000
1761585975693237	79.038000
1761585975748793	80.381000
1761585975802967	80.170000
1761585975861943	84.009000
1761585975913963	81.585000
1761585975960794	73.427000
1761585976023768	81.079000
1761585976079686	82.238000
1761585976132220	80.612000
1761585976185984	79.551000
1761585976245741	84.173000
1761585976297911	81.645000
1761585976350013	79.391000
1761585976406980	81.231000
1761585976461222	80.805000
1761585976516796	81.903000
1761585976569967	80.726000
1761585976626149	82.248000
1761585976684256	84.974000
1761585976728427	74.813000
1761585976788404	80.888000
1761585976842223	79.874000
1761585976894886	77.472000
1761585976947474	75.818000
1761585977000898	75.348000
1761585977058524	79.367000
1761585977111090	77.039000
1761585977167277	78.193000
1761585977221411	77.819000
1761585977282463	85.049000
1761585977331510	79.342000
1761585977388112	80.865000
1761585977439534	77.452000
1761585977492127	76.194000
1761585977552447	82.918000
1761585977604949	80.571000
1761585977656585	77.049000
1761585977710782	76.717000
1761585977772047	82.594000
1761585977821796	77.492000
1761585977877558	77.912000
1761585977938231	84.547000
1761585977982245	74.244000
1761585978038368	75.866000
1761585978095396	78.234000
1761585978149829	77.663000
1761585978206709	79.917000
1761585978262169	81.218000
1761585978265500	138.708000
1761585978267746	86.795000
1761585978313016	77.334000
1761585978372844	82.148000
1761585978426688	81.417000
1761585978472555	72.772000
1761585978536179	81.469000
1761585978589789	80.318000
1761585978641695	77.657000
1761585978691306	72.983000
1761585978751385	78.457000
1761585978806409	78.355000
1761585978854985	72.517000
1761585978908962	72.580000
1761585978960837	70.073000
1761585979023633	78.369000
1761585979074802	74.983000
1761585979127824	74.354000
1761585979180311	72.809000
1761585979242553	80.300000
1761585979292730	75.454000
1761585979344146	72.648000
1761585979407616	81.741000
1761585979457037	76.617000
1761585979508151	73.546000
1761585979566244	77.139000
1761585979621965	77.902000
1761585979675299	77.059000
1761585979726512	74.002000
1761585979789144	81.433000
1761585979839399	77.057000
1761585979898677	82.071000
1761585979943939	72.604000
1761585980012942	86.909000
1761585980060586	79.237000
1761585980117961	82.125000
1761585980170965	80.662000
1761585980185272	149.436000
1761585980185401	95.098000
1761585980197038	161.202000
1761585980197103	106.800000
1761585980225124	80.494000
1761585980278785	79.489000
1761585980342479	88.740000
1761585980390082	81.828000
1761585980436406	73.905000
1761585980494554	77.182000
1761585980550451	77.937000
1761585980609905	83.140000
1761585980659195	78.453000
1761585980714183	79.545000
1761585980768729	79.179000
1761585980824684	80.839000
1761585980871028	72.753000
1761585980922581	69.723000
1761585980979599	72.894000
1761585981029326	69.106000
1761585981082695	68.218000
1761585981137746	69.222000
1761585981192849	70.780000
1761585981251884	76.128000
1761585981295235	65.573000
1761585981353563	69.909000
1761585981410522	72.910000
1761585981462669	70.965000
1761585981519208	73.427000
1761585981575077	75.659000
1761585981626040	72.939000
1761585981676696	69.997000
1761585981729021	67.951000
1761585981782467	67.029000
1761585981843284	74.640000
1761585981899751	76.467000
1761585981954748	77.078000
1761585982011340	79.392000
1761585982061747	75.671000
1761585982121951	81.707000
1761585982176198	81.571000
1761585982226515	76.727000
1761585982287944	83.472000
1761585982332925	73.774000
1761585982388831	75.380000
1761585982444399	76.253000
1761585982500395	77.065000
1761585982555829	77.820000
1761585982609071	76.763000
1761585982664589	78.095000
1761585982722515	80.543000
1761585982776771	79.734000
1761585982832790	81.644000
1761585982877217	71.743000
1761585982942173	81.197000
1761585982993287	77.324000
1761585983046880	76.325000
1761585983107060	82.485000
1761585983157820	77.824000
1761585983222163	87.075000
1761585983276666	87.211000
1761585983325479	81.634000
1761585983376247	77.300000
1761585983442152	88.066000
1761585983483172	74.298000
1761585983543725	80.522000
1761585983594975	77.402000
1761585983651807	79.020000
1761585983709691	81.938000
1761585983760306	78.170000
1761585983814084	77.200000
1761585983872930	80.592000
1761585983928813	81.166000
1761585983975855	73.175000
1761585984035477	77.817000
1761585984093357	80.925000
1761585984140650	73.858000
1761585984195566	74.399000
1761585984261852	86.229000
1761585984307381	76.373000
1761585984366261	80.738000
1761585984411106	73.979000
1761585984471611	80.797000
1761585984527094	81.787000
1761585984575995	77.202000
1761585984634585	81.473000
1761585984670688	63.218000
1761585984727606	66.717000
1761585984775772	61.814000
1761585984828706	61.867000
1761585984881196	60.870000
1761585984933112	60.548000
1761585984995002	68.924000
1761585985043707	64.298000
1761585985097476	64.907000
1761585985147130	60.997000
1761585985202627	63.144000
1761585985262661	70.011000
1761585985263920	124.437000
1761585985265069	72.419000
1761585985311228	65.618000
1761585985358899	59.848000
1761585985420354	68.073000
1761585985474684	69.086000
1761585985525216	66.544000
1761585985576357	64.541000
1761585985626890	62.076000
1761585985685617	67.369000
1761585985740183	68.817000
1761585985790568	66.014000
1761585985842741	65.062000
1761585985892052	61.162000
1761585985945370	62.658000
1761585986008764	72.382000
1761585986060481	69.905000
1761585986123702	78.949000
1761585986171225	72.542000
1761585986224503	71.469000
1761585986280341	72.976000
1761585986336581	75.183000
1761585986388355	73.348000
1761585986437639	68.705000
1761585986494286	70.986000
1761585986550479	73.117000
1761585986607035	75.465000
1761585986656232	70.857000
1761585986709522	69.858000
1761585986765328	71.829000
1761585986819373	72.106000
1761585986872828	71.607000
1761585986927448	72.205000
1761585986983101	74.341000
1761585987039057	76.179000
1761585987095634	77.895000
1761585987152148	79.529000
1761585987206338	79.027000
1761585987259788	78.189000
1761585987310278	74.817000
1761585987366184	76.812000
1761585987425704	82.063000
1761585987478606	80.797000
1761585987527170	75.345000
1761585987583871	77.734000
1761585987641155	80.593000
1761585987692997	78.602000
1761585987745383	77.160000
1761585987798988	76.305000
1761585987858650	81.813000
1761585987911551	80.837000
1761585987959692	74.588000
1761585988016018	76.940000
1761585988073992	79.737000
1761585988126699	78.199000
1761585988180648	77.555000
1761585988234435	76.980000
1761585988293985	82.766000
1761585988339859	74.274000
1761585988398540	78.666000
1761585988458782	84.851000
1761585988503491	75.694000
1761585988561781	80.054000
1761585988613766	77.453000
1761585988666910	76.469000
1761585988727007	82.934000
1761585988773758	75.276000
1761585988832508	79.837000
1761585988891904	85.258000
1761585988944402	83.779000
1761585988993449	78.346000
1761585989055176	85.482000
1761585989107919	83.848000
1761585989158606	80.039000
1761585989210637	77.531000
1761585989269281	81.665000
1761585989323390	81.747000
1761585989380413	83.740000
1761585989427232	76.342000
1761585989488413	83.379000
1761585989541686	82.339000
1761585989596240	82.457000
1761585989647709	80.152000
1761585989703252	81.260000
1761585989757505	80.279000
1761585989812389	81.150000
1761585989862842	77.370000
1761585989918902	78.950000
1761585989973507	79.002000
1761585990027671	79.232000
1761585990082155	79.231000
1761585990137761	80.322000
1761585990191121	77.782000
1761585990248652	80.353000
1761585990306556	83.566000
1761585990353293	76.631000
1761585990408352	77.525000
1761585990464165	78.452000
1761585990525675	85.605000
1761585990570258	76.069000
1761585990624541	76.433000
1761585990681271	78.952000
1761585990740831	83.738000
1761585990784282	72.942000
1761585990843413	77.831000
1761585990896852	77.206000
1761585990954983	81.353000
1761585991009755	80.773000
1761585991059024	75.671000
1761585991112605	75.712000
1761585991175503	84.761000
1761585991225787	80.098000
1761585991281277	80.979000
1761585991328487	74.037000
1761585991389745	80.853000
1761585991447672	83.893000
1761585991497961	79.857000
1761585991553466	81.089000
1761585991606359	79.278000
1761585991663638	82.028000
1761585991712876	76.941000
1761585991771344	80.453000
1761585991828087	82.397000
1761585991878373	78.142000
1761585991931748	76.605000
1761585991987130	77.528000
1761585992044790	80.823000
1761585992097879	79.063000
1761585992151130	77.900000
1761585992210409	82.841000
1761585992261309	79.273000
1761585992313284	76.227000
1761585992375000	83.575000
1761585992425355	79.038000
1761585992479554	77.983000
1761585992543000	86.044000
1761585992590024	78.503000
1761585992643985	77.851000
1761585992706805	86.342000
1761585992757077	82.468000
1761585992807823	78.364000
1761585992860939	76.749000
1761585992919770	81.413000
1761585992975178	82.351000
1761585993025554	78.080000
1761585993083864	81.999000
1761585993136778	81.009000
1761585993196317	86.054000
1761585993198875	143.106000
1761585993204445	94.182000
1761585993260732	96.694000
1761585993268225	157.962000
1761585993271151	107.113000
1761585993302920	85.184000
1761585993303030	138.992000
1761585993303056	85.320000
1761585993348794	75.794000
1761585993405207	78.093000
1761585993464001	82.967000
1761585993511232	76.488000
1761585993566229	77.689000
1761585993620651	77.884000
1761585993674626	78.038000
1761585993731582	81.183000
1761585993779704	75.591000
1761585993834841	77.032000
1761585993896880	83.649000
1761585993943400	75.700000
1761585993999347	76.982000
1761585994056169	78.744000
1761585994114355	82.636000
1761585994164112	78.042000
1761585994215923	75.581000
1761585994266394	71.441000
1761585994320952	71.737000
1761585994371301	68.367000
1761585994424013	67.460000
1761585994482354	71.826000
1761585994533624	68.808000
1761585994584042	65.735000
1761585994639852	67.753000
1761585994693239	67.465000
1761585994750553	70.717000
1761585994806002	72.268000
1761585994857338	70.273000
1761585994908698	68.099000
1761585994961299	66.348000
1761585995021049	72.126000
1761585995072976	70.328000
1761585995125038	68.435000
1761585995177740	66.969000
1761585995234545	72.162000
1761585995296767	79.939000
1761585995355902	84.243000
1761585995408261	81.758000
1761585995460105	79.279000
1761585995514730	78.652000
1761585995572582	81.798000
1761585995622087	76.852000
1761585995677943	77.657000
1761585995731499	76.715000
1761585995790992	82.396000
1761585995841045	78.357000
1761585995903133	84.752000
1761585995956336	83.764000
1761585996009633	82.005000
1761585996064277	81.926000
1761585996115266	78.692000
1761585996172062	80.299000
1761585996226614	80.542000
1761585996277733	77.136000
1761585996337038	81.066000
1761585996390983	81.043000
1761585996441532	77.206000
1761585996498161	79.037000
1761585996558011	84.235000
1761585996605326	77.310000
1761585996661902	78.922000
1761585996720286	82.859000
1761585996773036	81.436000
1761585996823450	76.977000
1761585996882296	81.175000
1761585996928504	73.103000
1761585996989176	79.556000
1761585997045204	80.895000
1761585997092619	73.779000
1761585997149111	76.154000
1761585997210078	82.455000
1761585997258933	77.147000
1761585997312607	76.485000
1761585997373231	82.284000
1761585997426802	81.767000
1761585997477661	78.410000
1761585997532767	78.557000
1761585997592658	84.093000
1761585997641922	79.194000
1761585997698836	81.104000
1761585997749504	77.274000
1761585997809484	83.035000
1761585997861646	80.476000
1761585997917872	81.942000
1761585997969149	78.765000
1761585998023082	78.001000
1761585998079657	79.678000
1761585998134325	80.313000
1761585998190424	81.734000
1761585998257856	94.314000
1761585998293406	75.525000
1761585998349714	77.640000
1761585998407666	80.507000
1761585998459957	78.721000
1761585998514339	78.354000
1761585998567481	76.758000
1761585998625683	80.782000
1761585998676875	77.625000
1761585998731161	77.086000
1761585998784193	75.945000
1761585998842195	79.716000
1761585998896246	78.906000
1761585998947823	76.174000
1761585999006837	81.060000
1761585999060780	79.880000
1761585999111069	75.881000
1761585999169753	80.269000
1761585999225475	81.202000
1761585999275816	77.304000
1761585999333265	80.482000
1761585999386494	78.629000
1761585999446487	83.419000
1761585999497452	79.959000
1761585999552803	80.996000
1761585999611261	84.398000
1761585999660250	79.020000
1761585999715675	79.518000
1761585999774557	83.663000
1761585999827060	81.853000
1761585999878457	78.343000
1761585999937549	82.854000
1761585999991411	82.744000
1761586000044768	81.284000
1761586000096471	78.204000
1761586000155336	82.483000
1761586000209184	82.429000
1761586000260214	78.502000
1761586000317697	81.848000
1761586000369373	79.259000
1761586000425048	80.512000
1761586000479844	80.422000
1761586000532514	78.833000
1761586000588225	80.153000
1761586000644815	82.466000
1761586000692848	76.251000
1761586000747518	76.555000
1761586000810429	84.806000
1761586000855240	75.546000
1761586000911547	77.669000
1761586000972615	83.926000
1761586001017408	74.556000
1761586001077672	80.793000
1761586001130918	79.262000
1761586001188658	82.689000
1761586001239424	79.245000
1761586001293270	78.148000
1761586001352503	82.096000
1761586001402693	78.321000
1761586001458407	79.531000
1761586001515758	82.761000
1761586001567694	80.706000
1761586001619913	78.505000
1761586001673999	77.098000
1761586001732940	81.516000
1761586001784352	77.981000
1761586001843209	82.168000
1761586001891211	75.679000
1761586001946335	75.867000
1761586002008691	83.473000
1761586002056433	77.098000
1761586002110803	77.187000
1761586002174191	84.711000
1761586002218872	74.480000
1761586002277052	78.652000
1761586002329466	76.063000
1761586002388049	80.513000
1761586002443106	81.031000
1761586002494192	77.672000
1761586002553487	81.888000
1761586002602832	76.864000
1761586002664650	83.329000
1761586002714209	77.705000
1761586002770573	78.949000
1761586002827733	81.685000
1761586002877469	76.992000
1761586002931559	76.590000
1761586002992980	83.867000
1761586003040852	77.736000
1761586003097603	79.860000
1761586003153421	81.818000
1761586003200142	74.141000
1761586003271805	91.391000
1761586003312145	77.353000
1761586003370973	81.389000
1761586003427787	84.104000
1761586003475879	78.120000
1761586003529472	77.452000
1761586003587634	81.611000
1761586003640493	80.548000
1761586003695077	80.784000
1761586003748883	80.852000
1761586003800394	78.284000
1761586003857628	81.026000
1761586003911149	80.530000
1761586003965986	81.357000
1761586004015453	76.769000
1761586004071804	78.565000
1761586004128104	80.485000
1761586004182412	80.473000
1761586004236432	79.740000
1761586004293914	82.893000
1761586004343815	78.710000
1761586004398860	79.489000
1761586004453029	78.734000
1761586004511478	81.336000
1761586004564307	79.333000
1761586004617939	78.076000
1761586004676889	82.517000
1761586004728075	79.437000
1761586004781015	77.429000
1761586004840834	82.331000
1761586004893931	81.061000
1761586004946528	78.971000
1761586005004486	82.614000
1761586005055149	79.109000
1761586005115131	83.518000
1761586005162119	75.691000
1761586005220657	79.973000
1761586005275524	79.720000
1761586005331347	81.011000
1761586005382022	80.072000
1761586005436912	80.187000
1761586005492667	80.522000
1761586005547059	80.682000
1761586005599264	77.778000
1761586005660457	83.973000
1761586005708428	78.116000
1761586005763399	79.388000
1761586005817555	77.908000
1761586005872287	78.332000
1761586005929605	81.722000
1761586005982403	79.738000
1761586006041107	83.206000
1761586006087074	74.634000
1761586006146320	79.443000
1761586006206264	84.296000
1761586006290781	114.373000
1761586006310478	78.948000
1761586006363039	76.495000
1761586006426161	85.215000
1761586006474770	78.628000
1761586006527920	77.183000
1761586006590568	85.366000
1761586006639934	80.397000
1761586006694849	80.543000
1761586006748137	79.585000
1761586006800003	76.304000
1761586006858708	80.164000
1761586006910926	78.002000
1761586006964545	77.479000
1761586007022169	79.873000
1761586007075250	78.796000
1761586007125741	74.943000
1761586007180650	75.286000
1761586007240933	80.813000
1761586007287826	73.481000
1761586007343111	74.027000
1761586007399980	76.504000
1761586007454326	75.663000
1761586007507247	74.455000
1761586007563877	76.766000
1761586007617344	76.677000
1761586007672432	78.306000
1761586007727773	79.616000
1761586007780898	78.109000
1761586007841825	85.005000
1761586007889217	76.749000
1761586007945003	78.421000
1761586008000487	78.736000
1761586008059801	83.913000
1761586008110409	80.645000
1761586008163459	79.423000
1761586008224724	86.531000
1761586008272357	80.491000
1761586008324441	78.317000
1761586008378676	78.001000
1761586008437662	82.642000
1761586008490304	81.124000
1761586008541816	78.128000
1761586008601938	84.445000
1761586008649667	78.073000
1761586008706386	81.111000
1761586008760046	80.334000
1761586008818485	84.057000
1761586008871284	83.037000
1761586008922926	80.238000
1761586008976173	79.069000
1761586009034042	82.715000
1761586009085632	80.297000
1761586009139624	79.506000
1761586009192469	76.831000
1761586009248961	79.068000
1761586009305216	80.482000
1761586009357808	78.375000
1761586009414681	80.749000
1761586009471224	82.612000
1761586009525569	81.731000
1761586009574173	75.912000
1761586009630907	78.305000
1761586009713061	105.369000
1761586009770180	106.662000
1761586009821606	103.568000
1761586009880604	106.546000
1761586009943508	113.837000
1761586010005141	119.466000
1761586010054136	113.114000
1761586010115702	118.718000
1761586010175271	122.891000
1761586010247399	139.149000
1761586010290860	127.152000
1761586010349295	129.440000
1761586010407069	131.816000
1761586010460903	130.602000
1761586010528874	143.107000
1761586010577879	137.179000
1761586010622683	125.919000
1761586010689558	136.707000
1761586010741400	133.020000
1761586010799112	134.731000
1761586010840896	122.104000
1761586010866656	92.245000
1761586010903735	73.607000
1761586010950358	66.738000
1761586010999688	62.690000
1761586011050677	60.699000
1761586011102792	59.321000
1761586011161316	64.056000
1761586011213800	63.413000
1761586011268423	64.763000
1761586011320450	63.592000
1761586011369858	59.144000
1761586011428685	64.341000
1761586011479038	61.494000
1761586011532181	61.388000
1761586011583201	58.787000
1761586011642873	64.796000
1761586011695963	64.775000
1761586011747083	62.886000
1761586011796730	60.720000
1761586011860303	70.930000
1761586011912231	69.132000
1761586011964989	67.540000
1761586012027748	76.135000
1761586012076720	71.531000
1761586012130102	71.599000
1761586012181313	68.499000
1761586012233337	66.248000
1761586012292517	71.597000
1761586012344698	69.987000
1761586012395282	66.718000
1761586012449513	66.616000
1761586012509795	73.169000
1761586012560725	70.258000
1761586012612222	67.876000
1761586012665675	66.831000
1761586012728892	76.331000
1761586012777276	71.234000
1761586012828324	68.569000
1761586012886002	72.241000
1761586012942766	74.484000
1761586013000372	77.484000
1761586013055238	77.080000
1761586013110283	77.619000
1761586013164446	77.603000
1761586013219559	77.611000
1761586013273740	77.190000
1761586013325110	74.225000
1761586013381339	75.789000
1761586013438016	77.649000
1761586013490874	76.043000
1761586013548860	79.158000
1761586013608733	83.975000
1761586013653626	74.369000
1761586013706477	72.917000
1761586013765067	76.536000
1761586013816837	73.843000
1761586013871359	74.043000
1761586013930840	78.450000
1761586013992202	84.802000
1761586014043351	81.713000
1761586014095390	78.215000
1761586014148196	76.375000
1761586014210012	83.446000
1761586014263850	82.536000
1761586014321325	84.407000
1761586014374345	83.009000
1761586014426279	80.800000
1761586014483872	83.057000
1761586014536373	80.960000
1761586014591667	80.907000
1761586014644142	78.440000
1761586014702070	81.773000
1761586014753670	79.014000
1761586014813730	83.656000
1761586014864844	80.068000
1761586014918867	79.010000
1761586014974597	79.421000
1761586015028866	79.660000
1761586015082576	78.910000
1761586015143921	85.223000
1761586015194752	81.651000
1761586015248193	80.660000
1761586015300608	77.602000
1761586015360784	83.437000
1761586015404362	72.709000
1761586015464046	77.147000
1761586015516979	75.156000
1761586015576839	80.768000
1761586015630210	78.597000
1761586015690162	83.998000
1761586015732427	71.713000
1761586015793750	77.867000
1761586015855213	84.665000
1761586015898494	73.426000
1761586015961674	81.978000
1761586016011639	76.562000
1761586016070993	81.593000
1761586016124165	80.478000
1761586016179036	79.926000
1761586016234988	81.146000
1761586016287721	78.874000
1761586016341489	77.371000
1761586016395522	76.816000
1761586016446568	73.359000
1761586016507941	80.396000
1761586016561688	78.990000
1761586016618659	81.069000
1761586016663991	71.898000
1761586016729738	82.716000
1761586016786323	84.382000
1761586016837040	80.493000
1761586016891425	79.539000
1761586016947020	79.984000
1761586017009151	88.019000
1761586017054038	78.240000
1761586017111214	80.011000
1761586017167956	82.103000
1761586017213357	72.822000
1761586017278477	82.798000
1761586017327851	77.382000
1761586017386833	82.047000
1761586017443057	82.941000
1761586017499230	83.934000
1761586017550014	80.343000
1761586017603924	79.201000
1761586017664344	84.391000
1761586017712698	78.296000
1761586017767497	78.403000
1761586017825612	81.352000
1761586017881421	82.311000
1761586017928696	75.324000
1761586017984709	76.749000
1761586018045835	82.546000
1761586018090941	73.231000
1761586018148382	75.792000
1761586018203186	75.622000
1761586018262399	80.444000
1761586018313205	77.006000
1761586018368417	76.991000
1761586018427645	81.930000
1761586018478567	77.602000
1761586018534119	77.620000
1761586018594811	83.912000
1761586018643803	78.100000
1761586018698670	77.413000
1761586018762443	86.962000
1761586018802060	72.345000
1761586018861757	77.251000
1761586018926315	86.992000
1761586018967080	73.470000
1761586019028570	80.680000
1761586019080585	77.418000
1761586019138687	80.664000
1761586019194911	82.227000
1761586019247746	80.207000
1761586019297672	75.452000
1761586019365814	89.297000
1761586019409365	77.743000
1761586019465420	78.448000
1761586019530044	89.169000
1761586019567566	72.469000
1761586019627058	77.219000
1761586019683292	78.066000
1761586019744357	84.668000
1761586019786847	72.399000
1761586019846461	77.171000
1761586019899869	75.851000
1761586019960050	81.811000
1761586020013008	80.317000
1761586020074297	86.299000
1761586020116325	73.720000
1761586020178783	82.154000
1761586020230565	78.560000
1761586020290751	84.488000
1761586020333083	72.681000
1761586020391426	76.160000
1761586020447242	76.851000
1761586020507832	83.108000
1761586020559243	79.276000
1761586020621152	86.191000
1761586020663286	74.006000
1761586020726177	82.621000
1761586020776983	77.984000
1761586020828942	75.301000
1761586020889776	82.282000
1761586020940606	78.663000
1761586021002103	84.798000
1761586021046278	74.672000
1761586021108876	82.912000
1761586021159598	78.852000
1761586021218368	81.992000
1761586021263363	72.343000
1761586021326075	79.708000
1761586021377174	76.268000
1761586021429336	73.971000
1761586021491551	82.003000
1761586021543779	78.772000
1761586021602468	82.942000
1761586021648851	74.727000
1761586021707677	79.117000
1761586021760276	76.787000
1761586021819485	81.880000
1761586021863194	71.159000
1761586021927854	80.338000
1761586021985196	83.212000
1761586022029363	73.072000
1761586022094039	83.545000
1761586022145957	80.153000
1761586022193936	73.546000
1761586022257847	82.571000
1761586022309795	79.036000
1761586022367966	82.483000
1761586022420322	80.235000
1761586022477077	81.852000
1761586022534173	83.797000
1761586022586527	81.641000
1761586022640797	80.993000
1761586022694844	79.712000
1761586022751304	81.400000
1761586022796755	71.666000
1761586022860988	80.614000
1761586022916770	81.653000
1761586022969003	79.443000
1761586023026326	81.884000
1761586023083038	83.457000
1761586023134443	80.220000
1761586023189276	79.882000
1761586023268149	103.778000
1761586023298346	79.260000
1761586023351833	77.723000
1761586023413651	84.813000
1761586023458907	75.796000
1761586023516702	79.532000
1761586023571231	79.160000
1761586023631927	84.771000
1761586023676612	75.070000
1761586023733946	78.147000
1761586023793399	82.283000
1761586023848446	82.302000
1761586023894817	74.389000
1761586023956450	81.567000
1761586024011103	81.081000
1761586024065299	80.658000
1761586024111349	72.187000
1761586024174604	80.221000
1761586024226743	77.690000
1761586024282959	79.713000
1761586024335149	76.748000
1761586024393603	80.201000
1761586024447727	80.186000
1761586024501184	78.912000
1761586024557497	80.486000
1761586024612606	80.769000
1761586024665986	80.169000
1761586024719219	78.186000
1761586024776809	80.617000
1761586024830968	80.774000
1761586024884059	79.438000
1761586024942206	82.339000
1761586024993382	78.707000
1761586025048444	79.680000
1761586025101815	78.557000
1761586025159574	81.063000
1761586025212032	79.016000
1761586025265535	78.724000
1761586025321180	78.772000
1761586025375197	77.613000
1761586025431902	80.112000
1761586025484074	77.106000
1761586025541289	79.224000
1761586025597152	81.004000
1761586025649125	78.064000
1761586025710378	84.050000
1761586025757598	77.014000
1761586025811130	75.989000
1761586025866399	76.383000
1761586025926444	82.414000
1761586025969511	70.870000
1761586026037905	84.205000
1761586026089309	81.377000
1761586026143503	81.046000
1761586026199560	81.792000
1761586026248036	75.461000
1761586026305793	77.659000
1761586026360973	78.118000
1761586026414924	77.215000
1761586026477013	83.984000
1761586026521953	74.773000
1761586026579107	77.620000
1761586026640547	84.398000
1761586026684167	73.635000
1761586026744084	79.117000
1761586026806024	85.993000
1761586026848073	74.017000
1761586026909382	81.003000
1761586026966157	82.560000
1761586027012322	74.515000
1761586027069191	77.345000
1761586027130311	83.551000
1761586027178330	77.493000
1761586027233430	78.455000
1761586027293063	83.008000
1761586027342344	78.012000
1761586027396395	78.088000
1761586027450259	76.771000
1761586027502747	75.361000
1761586027561193	79.872000
1761586027614602	78.902000
1761586027678339	87.512000
1761586027720999	76.277000
1761586027778023	79.689000
1761586027831311	78.414000
1761586027894885	87.217000
1761586027938244	76.168000
1761586027995191	79.488000
1761586028048787	78.155000
1761586028101325	76.283000
1761586028161107	82.083000
1761586028212700	78.835000
1761586028265258	76.515000
1761586028320235	77.253000
1761586028377517	80.826000
1761586028424757	75.744000
1761586028480501	79.091000
1761586028534047	77.685000
1761586028594292	83.634000
1761586028645953	81.134000
1761586028695626	76.441000
1761586028751679	77.529000
1761586028810467	81.897000
1761586028860841	77.905000
1761586028923789	85.614000
1761586028976096	83.751000
1761586029028422	81.356000
1761586029078648	76.841000
1761586029140090	84.012000
1761586029190526	79.883000
1761586029254709	88.917000
1761586029299746	79.777000
1761586029356882	81.981000
1761586029410209	80.666000
1761586029466221	82.551000
1761586029515700	77.613000
1761586029573190	80.086000
1761586029627921	81.026000
1761586029677675	76.434000
1761586029733250	77.266000
1761586029791881	81.851000
1761586029836665	72.298000
1761586029895283	75.933000
1761586029948056	74.543000
1761586030010227	82.962000
1761586030059983	77.724000
1761586030111015	74.496000
1761586030172595	81.891000
1761586030223686	78.145000
1761586030278478	80.541000
1761586030332016	79.952000
1761586030384437	77.368000
1761586030444268	82.267000
1761586030492278	76.054000
1761586030549782	78.140000
1761586030605283	78.691000
1761586030658915	76.753000
1761586030710814	74.143000
1761586030770153	78.865000
1761586030826456	80.192000
1761586030878362	77.534000
1761586030937265	82.450000
1761586030991439	81.463000
1761586031044417	79.057000
1761586031103691	84.035000
1761586031147542	73.503000
1761586031208726	79.935000
1761586031263108	78.752000
1761586031315072	75.767000
1761586031368397	74.939000
1761586031426222	78.387000
1761586031482083	79.371000
1761586031534650	76.965000
1761586031593859	81.568000
1761586031650852	83.918000
1761586031654851	142.560000
1761586031660061	93.127000
1761586031708896	86.843000
1761586031767139	89.824000
1761586031810302	78.295000
1761586031877959	91.921000
1761586031922710	82.029000
1761586031983711	87.843000
1761586032027079	76.276000
1761586032085529	80.089000
1761586032131970	72.012000
1761586032194517	79.549000
1761586032250891	80.480000
1761586032309658	84.754000
1761586032353327	73.552000
1761586032411331	77.098000
1761586032476318	86.686000
1761586032520445	75.949000
1761586032577945	79.469000
1761586032628524	74.938000
1761586032681893	73.745000
1761586032732866	70.427000
1761586032794194	77.367000
1761586032846468	74.691000
1761586032900152	74.221000
1761586032950637	70.454000
1761586033007605	73.148000
1761586033064518	74.828000
1761586033118235	74.255000
1761586033169047	70.842000
1761586033227017	74.692000
1761586033282468	75.143000
1761586033337459	75.805000
1761586033393178	77.838000
1761586033444378	74.723000
1761586033495869	72.266000
1761586033556298	78.019000
1761586033610263	77.737000
1761586033664289	77.275000
1761586033724372	82.980000
1761586033779501	82.939000
1761586033837538	85.484000
1761586033883782	77.200000
1761586033945107	84.514000
1761586033995177	79.774000
1761586034049727	79.036000
1761586034110679	84.803000
1761586034157389	77.015000
1761586034214234	79.529000
1761586034270348	80.313000
1761586034330557	85.180000
1761586034377648	77.993000
1761586034436830	82.628000
1761586034481314	72.190000
1761586034544140	80.104000
1761586034596965	77.719000
1761586034650851	77.595000
1761586034691070	63.557000
1761586034744672	63.883000
1761586034746231	118.718000
1761586034747047	66.258000
1761586034796741	62.603000
1761586034849205	62.038000
1761586034902069	61.912000
1761586034953959	60.907000
1761586035011146	64.972000
1761586035059940	60.825000
1761586035113313	60.800000
1761586035170046	64.040000
1761586035226110	66.770000
1761586035274633	62.158000
1761586035326438	60.980000
1761586035377905	59.500000
1761586035437137	65.186000
1761586035483304	57.963000
1761586035541626	62.996000
1761586035592736	61.098000
1761586035647706	63.314000
1761586035699804	63.644000
1761586035761490	71.643000
1761586035815852	72.088000
1761586035865336	67.674000
1761586035920392	68.908000
1761586035978672	72.934000
1761586036031340	71.443000
1761586036084476	71.011000
1761586036134953	67.518000
1761586036189887	68.653000
1761586036258506	83.091000
1761586036300657	71.091000
1761586036355322	71.955000
1761586036408872	71.675000
1761586036460502	69.475000
1761586036513976	68.953000
1761586036567073	67.876000
1761586036627716	74.891000
1761586036678065	71.681000
1761586036727864	67.576000
1761586036789674	75.375000
1761586036845198	76.954000
1761586036895458	73.166000
1761586036954998	78.311000
1761586037008409	76.791000
1761586037064060	77.972000
1761586037120217	80.190000
1761586037165750	71.173000
1761586037228612	79.061000
1761586037282065	77.875000
1761586037333355	75.062000
1761586037385508	73.045000
1761586037440073	73.225000
1761586037497961	76.480000
1761586037553961	77.569000
1761586037611173	80.658000
1761586037662827	78.610000
1761586037715202	76.046000
1761586037772956	79.090000
1761586037829245	80.692000
1761586037878489	75.261000
1761586037936323	78.357000
1761586037994240	81.246000
1761586038050296	82.544000
1761586038103176	81.063000
1761586038159757	82.896000
1761586038216348	84.352000
1761586038266786	80.658000
1761586038319745	79.228000
1761586038376394	80.644000
1761586038429784	78.908000
1761586038489598	84.311000
1761586038544567	85.718000
1761586038592813	79.918000
1761586038654673	85.868000
1761586038704937	81.593000
1761586038760358	81.854000
1761586038810856	77.951000
1761586038865158	76.815000
1761586038919756	77.083000
1761586038978288	81.664000
1761586039027956	76.774000
1761586039084253	78.142000
1761586039140781	80.184000
1761586039195885	81.242000
1761586039246905	78.077000
1761586039300229	77.274000
1761586039361942	84.259000
1761586039412060	80.190000
1761586039465738	79.947000
1761586039519651	79.224000
1761586039577206	81.951000
1761586039629638	79.821000
1761586039681854	77.504000
1761586039741478	83.002000
1761586039793868	80.826000
1761586039846776	79.144000
1761586039906645	83.847000
1761586039951466	74.339000
1761586040011199	79.825000
1761586040065137	78.665000
1761586040119158	78.390000
1761586040178793	83.263000
1761586040227553	78.053000
1761586040287253	82.598000
1761586040338453	78.754000
1761586040395787	81.667000
1761586040444980	76.601000
1761586040500436	77.783000
1761586040562371	84.645000
1761586040611886	79.509000
1761586040667937	81.307000
1761586040718689	77.602000
1761586040779219	83.453000
1761586040830425	80.057000
1761586040885685	81.216000
1761586040933441	74.566000
1761586040995286	82.045000
1761586041047178	79.025000
1761586041100069	77.751000
1761586041161502	84.603000
1761586041210479	79.290000
1761586041267010	80.983000
1761586041317909	77.048000
1761586041378698	83.475000
1761586041426397	76.833000
1761586041482352	78.660000
1761586041537885	79.234000
1761586041595845	82.450000
1761586041644941	77.184000
1761586041701331	79.450000
1761586041758657	81.612000
1761586041812460	80.824000
1761586041868580	82.279000
1761586041920016	79.432000
1761586041976626	80.347000
1761586042028272	77.102000
1761586042088306	82.913000
1761586042140043	80.308000
1761586042196245	81.696000
1761586042259999	90.376000
1761586042307794	84.363000
1761586042360402	82.365000
1761586042413773	80.916000
1761586042466873	78.879000
1761586042527425	84.968000
1761586042577582	80.704000
1761586042631385	79.721000
1761586042686649	79.937000
1761586042745923	84.791000
1761586042796501	80.892000
1761586042850167	79.973000
1761586042905338	80.052000
1761586042963640	83.713000
1761586043015801	80.760000
1761586043066367	76.508000
1761586043120886	76.545000
1761586043178145	79.718000
1761586043231838	79.175000
1761586043286193	78.646000
1761586043340707	78.215000
1761586043399741	83.115000
1761586043446360	75.343000
1761586043503681	78.841000
1761586043559477	79.590000
1761586043617184	82.445000
1761586043664171	75.069000
1761586043717082	73.727000
1761586043776590	78.868000
1761586043830831	78.126000
1761586043894235	86.889000
1761586043936010	74.298000
1761586043993284	77.202000
1761586044050449	78.887000
1761586044111234	85.095000
1761586044159522	78.947000
1761586044215129	79.512000
1761586044275553	85.049000
1761586044327902	82.734000
1761586044379241	79.648000
1761586044433697	79.013000
1761586044490963	81.173000
1761586044546269	81.944000
1761586044594144	75.583000
1761586044654616	81.525000
1761586044710649	82.591000
1761586044762404	79.733000
1761586044820586	83.541000
1761586044874162	82.815000
1761586044927682	81.614000
1761586044984345	83.407000
1761586044988745	142.677000
1761586044992933	91.995000
1761586045044317	88.481000
1761586045092179	81.465000
1761586045147505	82.317000
1761586045196397	76.678000
1761586045262583	88.834000
1761586045310799	83.158000
1761586045356585	75.046000
1761586045412494	77.066000
1761586045465927	76.294000
1761586045520942	76.379000
1761586045577005	78.117000
1761586045632304	78.916000
1761586045686316	78.154000
1761586045745191	82.029000
1761586045800151	82.415000
1761586045846724	74.794000
1761586045907152	81.030000
1761586045960110	79.160000
1761586046019560	83.887000
1761586046066284	76.158000
1761586046122743	77.936000
1761586046179085	79.791000
1761586046228975	75.566000
1761586046289491	82.241000
1761586046331552	70.280000
1761586046387147	71.357000
1761586046444292	74.001000
1761586046499650	75.259000
1761586046549576	71.167000
1761586046606148	73.984000
1761586046662723	76.030000
1761586046717903	76.808000
1761586046772989	77.840000
1761586046825037	75.973000
1761586046876869	73.759000
1761586046935560	77.808000
1761586046986405	74.668000
1761586047044062	78.060000
1761586047094317	73.975000
1761586047154682	79.876000
1761586047211268	81.604000
1761586047266251	82.037000
1761586047314666	75.875000
1761586047374978	82.096000
1761586047428848	81.263000
1761586047486784	84.445000
1761586047533610	75.572000
1761586047594279	81.599000
1761586047646966	79.832000
1761586047701961	80.229000
1761586047761178	85.340000
1761586047811613	81.909000
1761586047863030	79.416000
1761586047916653	78.565000
1761586047973976	81.669000
1761586048025762	79.232000
1761586048081824	81.280000
1761586048133176	78.422000
1761586048188045	77.632000
1761586048246543	81.714000
1761586048294666	75.380000
1761586048355153	81.083000
1761586048411709	83.479000
1761586048462715	80.608000
1761586048516675	80.731000
1761586048567977	77.889000
1761586048625202	80.635000
1761586048679941	81.078000
1761586048734653	81.755000
1761586048781643	74.975000
1761586048841602	81.074000
1761586048895548	80.530000
1761586048948277	77.727000
1761586049009530	84.357000
1761586049053765	74.284000
1761586049112142	78.390000
1761586049165289	76.708000
1761586049229085	86.076000
1761586049276933	79.376000
1761586049333131	80.522000
1761586049393761	86.125000
1761586049444293	82.445000
1761586049494413	78.218000
1761586049549325	77.899000
1761586049604907	78.530000
1761586049662364	81.569000
1761586049713802	78.690000
1761586049769285	78.887000
1761586049827490	82.178000
1761586049881872	82.088000
1761586049933313	78.881000
1761586049990442	81.075000
1761586050046460	81.974000
1761586050101521	82.497000
1761586050152857	79.314000
1761586050210855	82.721000
1761586050264298	81.461000
1761586050318960	82.010000
1761586050366875	74.984000
1761586050427620	81.638000
1761586050479258	79.704000
1761586050533510	79.519000
1761586050594640	86.286000
1761586050644240	81.822000
1761586050696447	79.638000
1761586050750581	79.256000
1761586050810550	84.856000
1761586050858443	78.825000
1761586050913818	80.505000
1761586050961987	74.525000
1761586051018875	77.243000
1761586051076001	80.333000
1761586051127944	78.112000
1761586051185866	82.125000
1761586051237133	79.666000
1761586051289749	76.789000
1761586051343892	76.328000
1761586051405540	83.766000
1761586051451011	75.081000
1761586051508495	78.056000
1761586051561795	76.668000
1761586051617138	77.852000
1761586051673693	80.247000
1761586051724980	76.938000
1761586051783341	80.493000
1761586051840237	82.502000
1761586051894248	82.182000
1761586051941718	75.198000
1761586052006501	86.019000
1761586052056912	81.355000
1761586052109060	79.266000
1761586052166221	82.042000
1761586052216092	77.759000
1761586052272301	79.040000
1761586052324746	76.358000
1761586052384182	81.839000
1761586052437301	80.896000
1761586052490474	79.460000
1761586052544479	78.949000
1761586052607461	87.538000
1761586052657244	83.478000
1761586052706399	78.451000
1761586052760637	78.127000
1761586052816837	80.258000
1761586052874226	83.679000
1761586052926184	81.779000
1761586052976300	77.897000
1761586053031840	79.074000
1761586053090919	83.950000
1761586053142319	81.314000
1761586053191810	76.655000
1761586053259001	89.808000
1761586053302077	78.377000
1761586053360232	81.987000
1761586053410387	78.249000
1761586053465348	78.742000
1761586053520405	79.429000
1761586053576892	81.905000
1761586053631249	82.459000
1761586053677920	75.137000
1761586053737443	80.908000
1761586053793756	82.824000
1761586053844044	78.838000
1761586053902713	83.074000
1761586053948932	75.363000
1761586054009564	81.904000
1761586054060390	78.110000
1761586054114058	77.014000
1761586054175534	84.612000
1761586054220698	75.917000
1761586054284748	86.346000
1761586054331056	78.302000
1761586054385892	77.687000
1761586054444546	82.033000
1761586054493429	77.008000
1761586054548375	76.833000
1761586054603105	76.669000
1761586054660560	79.817000
1761586054714858	79.606000
1761586054769643	80.250000
1761586054828205	84.564000
1761586054878541	80.899000
1761586054931585	79.556000
1761586054986020	79.428000
1761586055043398	82.596000
1761586055095021	80.431000
1761586055148744	80.094000
1761586055204232	81.400000
1761586055265313	88.038000
1761586055314397	82.771000
1761586055361503	74.803000
1761586055419351	77.519000
1761586055478961	81.986000
1761586055527058	75.711000
1761586055584463	79.131000
1761586055643986	83.958000
1761586055693985	78.817000
1761586055747051	77.310000
1761586055806256	82.390000
1761586055852321	73.940000
1761586055911529	78.417000
1761586055965528	77.576000
1761586056026838	84.351000
1761586056072254	75.286000
1761586056130640	79.114000
1761586056185003	78.541000
1761586056253993	92.866000
1761586056292826	77.241000
1761586056346885	77.099000
1761586056401925	77.362000
1761586056456546	77.176000
1761586056514771	81.045000
1761586056565355	77.167000
1761586056623161	80.142000
1761586056681744	83.748000
1761586056733526	81.147000
1761586056780598	73.906000
1761586056843020	81.690000
1761586056900835	84.035000
1761586056952907	81.366000
1761586056998925	72.547000
1761586057061810	80.995000
1761586057120537	84.614000
1761586057167146	76.817000
1761586057227372	82.789000
1761586057277880	78.532000
1761586057332345	77.919000
1761586057386263	76.908000
1761586057444002	80.104000
1761586057499603	80.780000
1761586057558759	84.702000
1761586057609228	80.790000
1761586057664660	82.085000
1761586057716601	79.720000
1761586057774180	82.509000
1761586057830201	83.558000
1761586057884398	83.329000
1761586057934409	78.781000
1761586057990821	80.409000
1761586058046213	80.731000
1761586058102867	82.754000
1761586058155113	80.427000
1761586058211084	81.544000
1761586058267803	83.242000
1761586058320818	81.871000
1761586058374370	80.756000
1761586058427358	78.421000
1761586058481901	78.180000
1761586058542450	83.786000
1761586058593363	80.640000
1761586058644619	77.472000
1761586058708136	86.114000
1761586058759668	83.927000
1761586058803028	73.134000
1761586058861184	77.122000
1761586058915160	76.766000
1761586058974013	81.712000
1761586059019860	73.448000
1761586059077349	76.776000
1761586059140902	86.064000
1761586059184851	76.071000
1761586059246143	83.400000
1761586059296245	79.089000
1761586059355547	84.035000
1761586059401417	76.101000
1761586059460329	79.290000
1761586059512677	76.602000
1761586059572129	80.792000
1761586059627247	81.394000
1761586059702491	101.659000
1761586059777202	120.802000
1761586059824034	112.487000
1761586059889159	121.792000
1761586059949970	126.573000
1761586060006983	128.393000
1761586060068478	135.447000
1761586060111468	123.331000
1761586060176802	133.229000
1761586060237484	137.743000
1761586060288179	133.202000
1761586060342281	135.114000
1761586060402723	139.535000
1761586060456222	137.587000
1761586060497695	122.931000
1761586060562145	131.818000
1761586060600654	116.734000
1761586060637247	97.189000
1761586060677430	82.197000
1761586060716278	66.639000
1761586060768873	65.901000
1761586060818335	62.369000
1761586060872393	63.324000
1761586060927783	65.393000
1761586060982186	66.350000
1761586061034457	64.933000
1761586061093853	70.696000
1761586061145196	69.029000
1761586061147023	123.866000
1761586061148735	72.568000
1761586061196667	67.652000
1761586061253151	71.107000
1761586061253984	124.969000
1761586061259522	77.478000
1761586061298323	63.553000
1761586061350616	62.844000
1761586061403465	62.606000
1761586061461697	67.041000
1761586061514380	66.075000
1761586061566863	66.826000
1761586061623920	69.915000
1761586061678295	70.824000
1761586061729690	69.051000
1761586061780805	66.876000
1761586061836893	69.540000
1761586061898268	77.244000
1761586061945290	70.384000
1761586062002830	73.867000
1761586062052620	69.941000
1761586062102590	65.921000
1761586062159678	69.530000
1761586062209762	65.547000
1761586062268036	69.796000
1761586062321563	69.320000
1761586062376765	70.675000
1761586062428849	69.246000
1761586062478891	65.873000
1761586062531528	65.187000
1761586062594374	76.329000
1761586062646640	74.273000
1761586062700253	73.693000
1761586062757472	75.343000
1761586062814081	77.639000
1761586062869420	77.578000
1761586062924897	78.459000
1761586062976809	76.120000
1761586063033057	78.165000
1761586063086934	76.970000
1761586063144408	79.173000
1761586063199561	80.065000
1761586063250497	76.036000
1761586063311535	81.654000
1761586063365090	80.256000
1761586063421076	82.228000
1761586063474886	81.119000
1761586063531534	82.456000
1761586063586917	83.249000
1761586063631565	73.246000
1761586063691524	78.711000
1761586063746702	78.570000
1761586063799295	76.452000
1761586063861227	84.183000
1761586063902914	71.100000
1761586063964390	77.386000
1761586064016999	75.195000
1761586064081472	85.239000
1761586064129602	78.150000
1761586064184805	78.148000
1761586064245222	84.088000
1761586064291648	76.046000
1761586064348264	77.859000
1761586064404084	78.589000
1761586064459041	78.862000
1761586064515609	81.288000
1761586064562452	73.740000
1761586064622563	78.592000
1761586064678902	80.113000
1761586064733972	81.235000
1761586064779857	72.717000
1761586064842910	81.230000
1761586064901330	84.462000
1761586064947172	75.812000
1761586065010848	85.287000
1761586065052478	72.083000
1761586065114361	79.125000
1761586065176295	85.896000
1761586065219444	74.788000
1761586065280638	81.663000
1761586065332262	78.712000
1761586065386768	77.888000
1761586065445571	81.772000
1761586065494564	76.245000
1761586065550822	78.103000
1761586065611757	83.572000
1761586065661997	79.296000
1761586065717946	80.858000
1761586065773165	80.903000
1761586065830248	82.802000
1761586065882100	79.857000
1761586065936797	79.217000
1761586065998340	85.505000
1761586066045922	78.181000
1761586066106171	84.437000
1761586066155543	78.947000
1761586066212552	80.910000
1761586066269828	82.949000
1761586066324239	82.927000
1761586066377862	81.519000
1761586066429198	78.103000
1761586066483315	77.229000
1761586066543366	82.405000
1761586066592960	77.271000
1761586066648424	78.109000
1761586066710989	85.528000
1761586066759957	80.123000
1761586066813232	78.047000
1761586066867807	77.501000
1761586066927601	82.310000
1761586066976649	77.022000
1761586067028659	74.511000
1761586067086719	78.338000
1761586067145493	81.937000
1761586067200160	81.908000
1761586067252047	79.031000
1761586067311364	83.458000
1761586067361614	78.628000
1761586067414338	76.398000
1761586067466776	74.501000
1761586067527803	81.425000
1761586067578798	77.043000
1761586067642442	85.442000
1761586067685349	73.975000
1761586067745156	79.376000
1761586067800212	78.835000
1761586067854935	78.269000
1761586067913044	82.222000
1761586067964024	79.007000
1761586068017403	77.863000
1761586068078909	83.958000
1761586068128922	79.383000
1761586068183989	80.221000
1761586068239859	81.464000
1761586068294296	81.538000
1761586068345820	78.199000
1761586068404448	82.608000
1761586068460934	84.542000
1761586068511537	80.022000
1761586068565570	78.795000
1761586068625184	83.901000
1761586068677314	81.560000
1761586068730613	79.299000
1761586068790971	84.702000
1761586068834404	73.593000
1761586068887212	72.077000
1761586068948365	78.179000
1761586069000755	75.452000
1761586069056239	76.588000
1761586069112003	78.112000
1761586069167841	78.469000
1761586069222771	78.168000
1761586069278771	79.451000
1761586069332234	77.794000
1761586069385841	76.568000
1761586069445766	82.021000
1761586069494695	76.560000
1761586069545903	73.195000
1761586069608345	80.533000
1761586069666264	83.291000
1761586069712406	75.179000
1761586069764181	72.522000
1761586069829294	82.611000
1761586069879217	77.149000
1761586069942806	86.191000
1761586069985058	73.731000
1761586070050991	84.612000
1761586070097861	76.654000
1761586070160644	85.245000
1761586070212552	82.413000
1761586070268166	82.488000
1761586070315093	74.923000
1761586070377281	82.673000
1761586070427573	78.237000
1761586070491368	86.630000
1761586070543343	83.801000
1761586070594463	80.056000
1761586070656762	87.003000
1761586070710153	85.400000
1761586070753450	74.142000
1761586070812958	79.289000
1761586070866956	78.302000
1761586070925911	81.799000
1761586070971335	72.883000
1761586071029477	76.050000
1761586071086335	77.827000
1761586071148202	84.988000
1761586071199284	81.777000
1761586071256219	84.618000
1761586071312139	85.121000
1761586071362208	80.576000
1761586071411318	75.250000
1761586071469861	79.055000
1761586071527726	81.936000
1761586071578481	77.742000
1761586071636069	81.277000
1761586071681047	71.465000
1761586071744708	80.054000
1761586071804953	85.268000
1761586071848191	74.088000
1761586071912204	83.254000
1761586071962594	77.858000
1761586072022273	82.745000
1761586072067409	73.322000
1761586072127713	78.891000
1761586072182952	79.030000
1761586072243595	84.900000
1761586072292670	81.650000
1761586072341188	75.941000
1761586072399342	79.154000
1761586072454313	78.638000
1761586072511093	80.778000
1761586072560761	75.950000
1761586072619578	79.563000
1761586072675951	80.860000
1761586072731074	81.361000
1761586072782841	78.527000
1761586072841004	82.178000
1761586072897073	83.105000
1761586072944032	75.665000
1761586073003694	82.030000
1761586073059004	82.355000
1761586073115441	83.547000
1761586073161485	75.163000
1761586073222403	81.829000
1761586073276881	80.863000
1761586073329017	78.253000
1761586073390273	84.713000
1761586073434040	74.079000
1761586073494760	80.465000
1761586073548993	79.165000
1761586073609325	84.571000
1761586073653573	74.458000
1761586073711436	77.937000
1761586073765214	76.890000
1761586073827998	84.647000
1761586073873807	75.809000
1761586073930424	77.791000
1761586073987532	79.463000
1761586074044841	82.299000
1761586074093588	76.943000
1761586074150107	79.171000
1761586074204704	79.308000
1761586074265710	85.966000
1761586074271372	145.976000
1761586074274299	94.555000
1761586074309842	75.947000
1761586074368790	80.853000
1761586074420006	77.785000
1761586074477099	79.983000
1761586074536981	84.714000
1761586074581044	74.508000
1761586074644675	84.027000
1761586074694551	79.183000
1761586074747025	76.432000
1761586074800139	75.556000
1761586074860829	82.021000
1761586074906492	73.326000
1761586074965924	78.224000
1761586075020168	77.571000
1761586075076864	79.847000
1761586075128014	76.575000
1761586075182024	75.801000
1761586075235963	75.785000
1761586075287973	73.974000
1761586075342451	74.420000
1761586075398935	76.113000
1761586075453089	75.746000
1761586075510453	79.379000
1761586075561899	77.224000
1761586075611536	72.650000
1761586075669136	75.729000
1761586075730725	82.819000
1761586075778094	76.623000
1761586075828961	73.617000
1761586075880073	70.356000
1761586075941893	77.447000
1761586075995892	77.642000
1761586076047136	73.134000
1761586076109194	80.793000
1761586076160453	77.353000
1761586076215224	77.814000
1761586076274280	82.725000
1761586076318051	71.876000
1761586076378303	77.843000
1761586076433787	78.695000
1761586076494011	84.656000
1761586076545538	82.442000
1761586076594363	77.015000
1761586076651302	78.782000
1761586076707143	80.119000
1761586076763226	81.605000
1761586076812060	76.082000
1761586076869666	79.468000
1761586076926562	81.476000
1761586076983866	83.799000
1761586077029320	75.090000
1761586077090355	82.140000
1761586077145801	83.067000
1761586077202026	84.299000
1761586077254173	82.210000
1761586077308584	82.993000
1761586077359813	80.013000
1761586077412064	77.368000
1761586077476271	86.821000
1761586077528271	84.964000
1761586077577818	80.171000
1761586077630793	78.327000
1761586077693226	85.530000
1761586077744817	82.656000
1761586077792721	76.149000
1761586077849040	77.698000
1761586077909006	82.068000
1761586077965359	83.294000
1761586078010590	74.093000
1761586078071050	80.089000
1761586078128050	81.467000
1761586078184136	82.457000
1761586078229906	73.801000
1761586078285204	74.816000
1761586078287738	131.633000
1761586078291030	80.642000
1761586078344960	80.001000
1761586078396427	76.431000
1761586078449003	74.503000
1761586078502159	73.662000
1761586078560887	77.816000
1761586078615353	77.103000
1761586078669221	76.092000
1761586078728125	81.002000
1761586078775293	73.735000
1761586078833411	76.622000
1761586078891898	80.384000
1761586078946349	80.678000
1761586078994480	74.149000
1761586079052864	78.103000
1761586079111896	81.668000
1761586079166452	82.102000
1761586079213542	74.591000
1761586079274858	80.983000
1761586079328201	79.270000
1761586079386300	83.276000
1761586079430464	72.648000
1761586079491398	78.572000
1761586079545561	77.269000
1761586079598421	75.956000
1761586079658490	82.168000
1761586079708758	77.049000
1761586079764572	78.111000
1761586079816695	75.176000
1761586079872081	76.074000
1761586079927569	77.334000
1761586079983480	77.973000
1761586080037899	77.857000
1761586080090936	76.341000
1761586080143241	74.260000
1761586080204360	80.222000
1761586080264784	85.100000
1761586080314477	80.212000
1761586080370171	81.058000
1761586080429474	84.854000
1761586080477745	78.199000
1761586080536393	82.301000
1761586080580913	72.273000
1761586080644054	80.752000
1761586080696401	78.048000
1761586080757254	84.193000
1761586080810502	83.002000
1761586080861052	78.855000
1761586080914471	77.050000
1761586080969873	77.389000
1761586081028425	81.462000
1761586081076544	74.953000
1761586081133458	76.989000
1761586081193552	81.905000
1761586081252238	86.461000
1761586081300215	79.719000
1761586081355229	79.854000
1761586081410193	79.943000
1761586081461465	76.712000
1761586081525204	85.963000
1761586081565275	71.393000
1761586081627341	78.620000
1761586081691853	88.060000
1761586081734780	76.214000
1761586081793180	80.738000
1761586081844288	77.302000
1761586081900541	78.456000
1761586081957175	79.921000
1761586082013102	81.647000
1761586082061219	75.406000
1761586082118135	77.848000
1761586082179256	83.359000
1761586082226774	76.365000
1761586082288667	83.853000
1761586082342040	81.789000
1761586082394217	79.143000
1761586082451094	81.386000
1761586082502944	78.375000
1761586082561358	81.187000
1761586082617243	82.396000
1761586082662656	73.498000
1761586082726865	83.303000
1761586082778878	79.792000
1761586082839192	84.852000
1761586082893098	84.210000
1761586082947430	83.228000
1761586083005099	86.253000
1761586083056660	83.142000
1761586083099933	71.633000
1761586083161783	78.823000
1761586083215817	77.434000
1761586083274479	81.626000
1761586083321994	74.428000
1761586083379297	76.946000
1761586083433975	76.868000
1761586083493719	82.261000
1761586083540602	74.985000
1761586083597630	77.237000
1761586083651935	76.962000
1761586083711436	82.123000
1761586083766289	82.672000
1761586083818177	79.969000
1761586083874275	81.742000
1761586083928245	81.736000
1761586083976388	75.733000
1761586084026282	71.257000
1761586084060867	54.158000
1761586084110282	51.771000
1761586084166202	55.386000
1761586084215410	52.253000
1761586084277287	61.417000
1761586084278025	114.868000
1761586084281068	65.198000
1761586084321360	54.036000
1761586084379344	59.371000
1761586084425815	53.444000
1761586084479729	54.926000
1761586084531917	54.609000
1761586084583657	54.105000
1761586084638076	56.063000
1761586084691985	57.198000
1761586084742793	55.620000
1761586084796545	54.748000
1761586084848028	53.735000
1761586084900163	53.421000
1761586084954553	55.450000
1761586085008149	56.581000
1761586085070234	66.308000
1761586085111225	54.981000
1761586085162427	53.816000
1761586085215121	54.235000
1761586085277113	63.826000
1761586085280337	119.451000
1761586085281955	68.668000
