1761583162239868	54.105000
1761583162539851	301.972000
1761583162578493	283.932000
1761583162638618	286.819000
1761583162705396	297.126000
1761583162762222	297.942000
1761583162813944	292.856000
1761583162865687	287.765000
1761583162917858	283.236000
1761583162996405	306.350000
1761583163047856	301.745000
1761583163100413	298.199000
1761583163152560	294.511000
1761583163204163	288.698000
1761583163282337	310.314000
1761583163334108	304.830000
1761583163386643	301.277000
1761583163437377	296.322000
1761583163467715	270.332000
1761583163471305	217.387000
1761583163474494	164.206000
1761583163476723	110.899000
1761583163478718	56.910000
1761583163501844	28.011000
1761583163555237	29.885000
1761583163610544	33.655000
1761583163660808	32.332000
1761583163716402	36.403000
1761583163767481	35.972000
1761583163823707	40.724000
1761583163869296	34.811000
1761583163926977	41.039000
1761583163927045	92.560000
1761583163927583	41.645000
1761583163972493	35.059000
1761583164023699	34.800000
1761583164077107	36.734000
1761583164130402	38.516000
1761583164130946	90.573000
1761583164132324	40.438000
1761583164180676	37.298000
1761583164230342	35.489000
1761583164281708	35.337000
1761583164335718	37.792000
1761583164384496	34.877000
1761583164435335	34.204000
1761583164487662	35.031000
1761583164538318	34.197000
1761583164538822	86.191000
1761583164540068	35.947000
1761583164594924	39.234000
1761583164597255	93.134000
1761583164599381	43.691000
1761583164645879	38.644000
1761583164697348	38.586000
1761583164698303	91.068000
1761583164700428	41.666000
1761583164749812	39.578000
1761583164800941	39.198000
1761583164852522	39.306000
1761583164904265	39.564000
1761583164957932	41.726000
1761583165008136	40.373000
1761583165059925	40.656000
1761583165109605	38.835000
1761583165162891	40.611000
1761583165214517	40.712000
1761583165264402	39.123000
1761583165314548	37.713000
1761583165367215	38.878000
1761583165423744	42.884000
1761583165473195	40.557000
1761583165474072	93.212000
1761583165478449	45.811000
1761583165530387	45.606000
1761583165581682	45.037000
1761583165634169	45.767000
1761583165682700	42.578000
1761583165734815	43.044000
1761583165787100	43.557000
1761583165838892	43.753000
1761583165890494	43.785000
1761583165943033	44.706000
1761583165990634	40.582000
1761583166044273	42.469000
1761583166095478	41.931000
1761583166148590	43.107000
1761583166199454	42.155000
1761583166250777	41.755000
1761583166303610	42.956000
1761583166360968	48.531000
1761583166361033	100.379000
1761583166361046	48.609000
1761583166448226	84.056000
1761583166523163	107.362000
1761583166523688	159.518000
1761583166532372	116.571000
1761583166542142	177.972000
1761583166542209	126.408000
1761583166561240	93.532000
1761583166562287	146.486000
1761583166563670	95.962000
1761583166563748	147.947000
1761583166564884	97.176000
1761583166581533	61.925000
1761583166583777	116.069000
1761583166583852	64.244000
1761583166632311	60.724000
1761583166667702	44.237000
1761583166721237	45.876000
1761583166776131	48.813000
1761583166825641	46.447000
1761583166878903	47.690000
1761583166929096	45.919000
1761583166980079	44.753000
1761583167032447	44.865000
1761583167084314	44.392000
1761583167138234	46.240000
1761583167191277	47.236000
1761583167254379	58.313000
1761583167254523	110.482000
1761583167254545	58.479000
1761583167290098	41.928000
1761583167348995	48.868000
1761583167400226	48.111000
1761583167448491	44.422000
1761583167502902	46.688000
1761583167553841	45.655000
1761583167602340	42.137000
1761583167657462	45.082000
1761583167710829	46.246000
1761583167762489	45.687000
1761583167814919	45.975000
1761583167865355	44.381000
1761583167917796	44.703000
1761583167969962	44.917000
1761583168022847	45.817000
1761583168099233	70.166000
1761583168146044	65.157000
1761583168179086	46.392000
1761583168231441	46.784000
1761583168277888	40.760000
1761583168330821	41.662000
1761583168386849	45.468000
1761583168440377	46.870000
1761583168499620	53.929000
1761583168546255	48.543000
1761583168605155	54.947000
1761583168651787	48.835000
1761583168712286	56.655000
1761583168760610	52.236000
1761583168814883	53.985000
1761583168866342	52.970000
1761583168928346	62.609000
1761583168929208	115.836000
1761583168930000	64.263000
1761583168972418	54.271000
1761583169026895	56.493000
1761583169077073	54.293000
1761583169078005	107.603000
1761583169078747	55.967000
1761583169130179	55.077000
1761583169131419	108.639000
1761583169134681	59.579000
1761583169178528	50.916000
1761583169234635	54.562000
1761583169282112	49.313000
1761583169335787	50.228000
1761583169387533	49.348000
1761583169444747	54.034000
1761583169497524	54.400000
1761583169553176	57.723000
1761583169602146	55.088000
1761583169658776	58.389000
1761583169710561	56.760000
1761583169763916	56.944000
1761583169764730	110.929000
1761583169771159	64.187000
1761583169821217	60.739000
1761583169875075	61.719000
1761583169925023	58.840000
1761583169986330	67.487000
1761583169987489	121.306000
1761583169988809	69.966000
1761583170027176	55.282000
1761583170082359	57.103000
1761583170135300	56.668000
1761583170192407	60.798000
1761583170249637	65.204000
1761583170295343	58.253000
1761583170347007	56.782000
1761583170401507	58.151000
1761583170453059	56.383000
1761583170507666	57.717000
1761583170562573	59.732000
1761583170615244	60.086000
1761583170672831	64.552000
1761583170727767	66.500000
1761583170775319	61.020000
1761583170827867	60.419000
1761583170886559	64.631000
1761583170941716	66.104000
1761583170993095	64.026000
1761583171046318	61.960000
1761583171099301	61.696000
1761583171157101	65.691000
1761583171211778	66.466000
1761583171268854	70.116000
1761583171314544	62.705000
1761583171366734	61.034000
1761583171425956	66.145000
1761583171476460	63.087000
1761583171532385	64.604000
1761583171583463	62.726000
1761583171638304	65.726000
1761583171702311	74.595000
1761583171760833	78.981000
1761583171807359	71.716000
1761583171862205	72.561000
1761583171913734	69.660000
1761583171974798	75.250000
1761583172028777	74.664000
1761583172080605	71.898000
1761583172132269	69.422000
1761583172192659	74.503000
1761583172261777	89.435000
1761583172298060	71.945000
1761583172352472	72.078000
1761583172410747	75.555000
1761583172464387	74.379000
1761583172519432	75.158000
1761583172571474	72.935000
1761583172629166	75.808000
1761583172683005	74.639000
1761583172739841	76.911000
1761583172798782	81.699000
1761583172849386	77.987000
1761583172911277	84.785000
1761583172962851	81.969000
1761583173014882	79.799000
1761583173068245	78.278000
1761583173128005	83.279000
1761583173179950	81.262000
1761583173225732	72.757000
1761583173284404	76.751000
1761583173347296	84.645000
1761583173398963	81.946000
1761583173450443	79.277000
1761583173504598	78.991000
1761583173564163	83.395000
1761583173615814	80.461000
1761583173667155	77.333000
1761583173728821	83.551000
1761583173784071	83.694000
1761583173832876	78.043000
1761583173892545	82.561000
1761583173943262	79.150000
1761583173997531	78.460000
1761583174050415	76.582000
1761583174109169	80.984000
1761583174155276	72.270000
1761583174216258	78.770000
1761583174272903	80.536000
1761583174318916	72.160000
1761583174379385	78.190000
1761583174435749	79.258000
1761583174493974	83.114000
1761583174544991	79.952000
1761583174599163	79.360000
1761583174651953	77.398000
1761583174710468	81.431000
1761583174764160	80.819000
1761583174815066	76.863000
1761583174872413	79.666000
1761583174921325	73.976000
1761583174976941	75.089000
1761583175039440	82.638000
1761583175084792	73.838000
1761583175144273	79.409000
1761583175197104	77.278000
1761583175257939	83.244000
1761583175308790	79.720000
1761583175360586	77.134000
1761583175417907	79.294000
1761583175475648	82.192000
1761583175525886	78.361000
1761583175580311	77.961000
1761583175641801	84.443000
1761583175691147	79.381000
1761583175739373	73.060000
1761583175799829	79.173000
1761583175857970	82.356000
1761583175910102	80.206000
1761583175964025	79.355000
1761583176017967	78.918000
1761583176076659	82.528000
1761583176126324	77.953000
1761583176182105	79.101000
1761583176244852	86.675000
1761583176291891	79.620000
1761583176345624	78.436000
1761583176405685	83.468000
1761583176457002	80.551000
1761583176507663	76.572000
1761583176566699	80.323000
1761583176615479	74.514000
1761583176674884	79.783000
1761583176728038	78.469000
1761583176787975	83.292000
1761583176842555	83.688000
1761583176890320	76.613000
1761583176945070	76.455000
1761583177005279	82.539000
1761583177054967	78.033000
1761583177113111	80.789000
1761583177160945	74.404000
1761583177219776	79.043000
1761583177272869	77.068000
1761583177334328	83.864000
1761583177384834	79.659000
1761583177438605	78.907000
1761583177497022	82.352000
1761583177547729	78.761000
1761583177600802	77.272000
1761583177661987	83.012000
1761583177712903	79.605000
1761583177766083	78.246000
1761583177824436	81.456000
1761583177883183	85.825000
1761583177929788	77.349000
1761583177995170	87.838000
1761583178034069	72.458000
1761583178089089	73.154000
1761583178148945	78.377000
1761583178201783	75.759000
1761583178258749	78.535000
1761583178312980	77.604000
1761583178371237	80.501000
1761583178426628	81.465000
1761583178472548	73.285000
1761583178531330	77.941000
1761583178585359	77.470000
1761583178644703	82.133000
1761583178690794	73.915000
1761583178742324	70.969000
1761583178804374	78.684000
1761583178857091	76.576000
1761583178916245	81.230000
1761583178971420	81.738000
1761583179024250	79.480000
1761583179083396	83.926000
1761583179135270	81.812000
1761583179179484	71.235000
1761583179245745	82.711000
1761583179302172	83.845000
1761583179353913	81.281000
1761583179407916	80.771000
1761583179460769	78.267000
1761583179525048	87.775000
1761583179574150	82.305000
1761583179626833	80.165000
1761583179678533	77.203000
1761583179739889	83.927000
1761583179791365	81.264000
1761583179836434	71.541000
1761583179899194	79.320000
1761583179957251	82.308000
1761583180007607	77.918000
1761583180060179	74.903000
1761583180116035	75.622000
1761583180174332	78.784000
1761583180226445	76.229000
1761583180282249	76.941000
1761583180342155	81.902000
1761583180387627	72.906000
1761583180446069	76.878000
1761583180501650	77.447000
1761583180555227	76.478000
1761583180613176	80.274000
1761583180666637	78.840000
1761583180719437	76.238000
1761583180772792	74.942000
1761583180831343	79.254000
1761583180884142	77.067000
1761583180940269	78.457000
1761583180999176	82.969000
1761583181050048	79.384000
1761583181103731	78.147000
1761583181164078	83.773000
1761583181219387	87.549000
1761583181265867	79.750000
1761583181314636	74.064000
1761583181371351	76.694000
1761583181426076	76.436000
1761583181487000	82.670000
1761583181539853	81.468000
1761583181590544	77.572000
1761583181651996	83.810000
1761583181704263	81.669000
1761583181756212	79.344000
1761583181809505	77.392000
1761583181869311	82.361000
1761583181921645	80.543000
1761583181979597	83.778000
1761583182034570	83.573000
1761583182085375	79.891000
1761583182132013	72.232000
1761583182192228	77.545000
1761583182253365	84.060000
1761583182254957	140.274000
1761583182256593	87.288000
1761583182295459	72.053000
1761583182355241	77.668000
1761583182410301	77.712000
1761583182470870	83.574000
1761583182520389	78.964000
1761583182573552	77.131000
1761583182626143	74.991000
1761583182686715	81.000000
1761583182731385	71.024000
1761583182792437	77.146000
1761583182846077	76.044000
1761583182908481	84.671000
1761583182958236	80.234000
1761583183011428	78.173000
1761583183069550	81.459000
1761583183118868	76.878000
1761583183171014	74.921000
1761583183228037	77.226000
1761583183279164	74.175000
1761583183329934	70.994000
1761583183382043	68.784000
1761583183443645	75.780000
1761583183496917	74.675000
1761583183549654	73.474000
1761583183605936	75.818000
1761583183662317	77.130000
1761583183714128	74.766000
1761583183765231	71.808000
1761583183818733	71.029000
1761583183878878	76.793000
1761583183932091	75.280000
1761583183984836	74.248000
1761583184041185	77.111000
1761583184095151	76.568000
1761583184151812	78.372000
1761583184211612	83.434000
1761583184262384	79.865000
1761583184316443	79.767000
1761583184369403	78.323000
1761583184431628	85.164000
1761583184483782	82.784000
1761583184537108	80.678000
1761583184591959	80.293000
1761583184629792	63.796000
1761583184679685	60.668000
1761583184731496	59.222000
1761583184788710	63.309000
1761583184840481	62.024000
1761583184892324	59.885000
1761583184944660	59.347000
1761583185002233	63.844000
1761583185053969	62.185000
1761583185106723	63.382000
1761583185165683	68.916000
1761583185215388	65.496000
1761583185266297	63.213000
1761583185324030	67.898000
1761583185371201	61.770000
1761583185427557	64.571000
1761583185481062	64.742000
1761583185535777	66.379000
1761583185589700	66.992000
1761583185639849	64.043000
1761583185697211	68.413000
1761583185744212	62.223000
1761583185801812	66.398000
1761583185854971	65.948000
1761583185908699	66.365000
1761583185961834	66.609000
1761583186012774	64.386000
1761583186069752	68.509000
1761583186117219	62.943000
1761583186189093	80.787000
1761583186242094	79.901000
1761583186295113	79.343000
1761583186342586	72.847000
1761583186399860	76.384000
1761583186455239	77.388000
1761583186513315	80.498000
1761583186559673	72.313000
1761583186618996	77.857000
1761583186672990	77.382000
1761583186725133	75.211000
1761583186779953	76.146000
1761583186837042	79.794000
1761583186884810	73.545000
1761583186943684	78.328000
1761583186999248	79.532000
1761583187055199	81.693000
1761583187104891	77.883000
1761583187158813	77.315000
1761583187215079	78.965000
1761583187281410	91.162000
1761583187320289	76.262000
1761583187380761	82.920000
1761583187433292	81.709000
1761583187483028	77.657000
1761583187538453	78.547000
1761583187598041	83.341000
1761583187649997	81.195000
1761583187701077	78.174000
1761583187756368	78.865000
1761583187815032	83.012000
1761583187867021	80.629000
1761583187916935	76.162000
1761583187973336	77.788000
1761583188032597	82.661000
1761583188083980	79.250000
1761583188137636	78.532000
1761583188198788	85.050000
1761583188257871	89.373000
1761583188295739	73.114000
1761583188353822	77.189000
1761583188408685	77.659000
1761583188467707	82.207000
1761583188518277	78.588000
1761583188572816	78.270000
1761583188627951	78.670000
1761583188685738	82.033000
1761583188734175	76.164000
1761583188791520	79.572000
1761583188848558	81.908000
1761583188901925	80.618000
1761583188952346	76.813000
1761583189009509	79.941000
1761583189063628	80.011000
1761583189118216	80.216000
1761583189171897	79.285000
1761583189228590	81.792000
1761583189280457	78.831000
1761583189335281	79.349000
1761583189393227	82.896000
1761583189440997	76.434000
1761583189499470	81.084000
1761583189549421	77.201000
1761583189606045	79.210000
1761583189660060	78.757000
1761583189718721	83.029000
1761583189769912	80.277000
1761583189821253	77.480000
1761583189875454	77.065000
1761583189934043	81.410000
1761583189981795	74.933000
1761583190040320	79.578000
1761583190094457	79.236000
1761583190152862	82.868000
1761583190204269	80.073000
1761583190259432	80.929000
1761583190315097	81.864000
1761583190363368	75.709000
1761583190423879	82.160000
1761583190475474	79.185000
1761583190529637	78.757000
1761583190588775	83.234000
1761583190640159	80.404000
1761583190691948	78.213000
1761583190746557	77.995000
1761583190805643	82.528000
1761583190856830	79.376000
1761583190911357	79.489000
1761583190970261	83.576000
1761583191021945	80.857000
1761583191073879	78.646000
1761583191128183	77.893000
1761583191186884	82.225000
1761583191234655	76.157000
1761583191291992	79.455000
1761583191345934	78.976000
1761583191398896	76.723000
1761583191457027	79.903000
1761583191508249	76.850000
1761583191563720	77.767000
1761583191622249	82.275000
1761583191674349	80.676000
1761583191725736	78.238000
1761583191779511	77.474000
1761583191836220	79.956000
1761583191892576	82.010000
1761583191944501	80.091000
1761583191996533	78.122000
1761583192052524	79.742000
1761583192107097	79.833000
1761583192164593	83.083000
1761583192217866	82.045000
1761583192271024	80.872000
1761583192323169	78.591000
1761583192380953	83.060000
1761583192429851	78.004000
1761583192490845	85.430000
1761583192541300	82.084000
1761583192590949	77.303000
1761583192644372	76.243000
1761583192705271	83.174000
1761583192757708	81.803000
1761583192807383	77.424000
1761583192861934	77.968000
1761583192916592	78.281000
1761583192975909	83.138000
1761583193026398	79.655000
1761583193079054	78.303000
1761583193136305	81.086000
1761583193192033	82.361000
1761583193244263	80.295000
1761583193298454	80.652000
1761583193351764	80.329000
1761583193409832	84.221000
1761583193455757	75.598000
1761583193511868	77.310000
1761583193570608	82.293000
1761583193621895	79.906000
1761583193669481	73.434000
1761583193727713	77.711000
1761583193782624	78.131000
1761583193840931	82.204000
1761583193892316	79.922000
1761583193946897	80.181000
1761583193998430	77.749000
1761583194052585	77.095000
1761583194111158	81.707000
1761583194171060	87.982000
1761583194217368	79.811000
1761583194273221	81.164000
1761583194328216	80.755000
1761583194381464	79.968000
1761583194431572	75.866000
1761583194486650	76.502000
1761583194545524	81.278000
1761583194597654	79.490000
1761583194651955	79.093000
1761583194705879	78.715000
1761583194765255	83.718000
1761583194816159	80.582000
1761583194867677	78.065000
1761583194923687	79.384000
1761583194976454	77.896000
1761583195035279	82.690000
1761583195087524	81.227000
1761583195138572	78.043000
1761583195193241	78.623000
1761583195250221	81.113000
1761583195305885	82.411000
1761583195357460	80.227000
1761583195406242	74.839000
1761583195463819	78.222000
1761583195518258	78.266000
1761583195578274	83.913000
1761583195626669	78.703000
1761583195677097	74.990000
1761583195734503	78.899000
1761583195789257	79.422000
1761583195848619	84.213000
1761583195900660	82.429000
1761583195951560	79.533000
1761583196006616	80.166000
1761583196064598	83.728000
1761583196116819	81.943000
1761583196163791	74.500000
1761583196222016	79.063000
1761583196278124	80.823000
1761583196328197	76.504000
1761583196386368	80.708000
1761583196437946	78.306000
1761583196493662	79.314000
1761583196555773	87.016000
1761583196605678	82.805000
1761583196652673	75.461000
1761583196710357	79.031000
1761583196760853	75.316000
1761583196818908	78.817000
1761583196876369	81.977000
1761583196928697	79.989000
1761583196984179	81.476000
1761583197037363	79.740000
1761583197093588	81.601000
1761583197146941	80.688000
1761583197203302	82.673000
1761583197257502	82.128000
1761583197310753	81.135000
1761583197365760	82.011000
1761583197416895	78.825000
1761583197471446	78.582000
1761583197528106	80.339000
1761583197576553	74.840000
1761583197634957	79.303000
1761583197689649	79.928000
1761583197740364	76.301000
1761583197798406	80.390000
1761583197846507	74.316000
1761583197905369	79.411000
1761583197959249	78.851000
1761583198018174	83.424000
1761583198065898	77.451000
1761583198123869	81.492000
1761583198175332	79.028000
1761583198229954	79.280000
1761583198287861	82.833000
1761583198336584	77.647000
1761583198394441	81.683000
1761583198446072	79.674000
1761583198500943	80.209000
1761583198552379	77.394000
1761583198607293	77.859000
1761583198666619	82.851000
1761583198719207	81.650000
1761583198770747	79.111000
1761583198824106	77.937000
1761583198884888	84.257000
1761583198936923	81.991000
1761583198988491	79.550000
1761583199043408	79.757000
1761583199102775	84.253000
1761583199154627	81.661000
1761583199206323	79.244000
1761583199261750	79.855000
1761583199313399	77.119000
1761583199372804	82.120000
1761583199424148	79.334000
1761583199479335	80.039000
1761583199531577	77.360000
1761583199599610	90.084000
1761583199639599	75.705000
1761583199695912	77.122000
1761583199754339	81.263000
1761583199805729	78.529000
1761583199860398	78.898000
1761583199912469	76.321000
1761583199971656	81.275000
1761583200022764	78.095000
1761583200077202	77.218000
1761583200136731	81.754000
1761583200186865	77.410000
1761583200245091	80.790000
1761583200296636	77.929000
1761583200355242	81.830000
1761583200407646	80.076000
1761583200459124	77.392000
1761583200513178	76.601000
1761583200572804	81.700000
1761583200623956	80.705000
1761583200676569	78.628000
1761583200732678	79.966000
1761583200784340	77.121000
1761583200841489	79.977000
1761583200895836	80.048000
1761583200947914	77.710000
1761583201003758	78.740000
1761583201062322	82.832000
1761583201114444	80.613000
1761583201166451	78.352000
1761583201222191	79.426000
1761583201279373	81.828000
1761583201333302	81.507000
1761583201385412	79.565000
1761583201440972	80.438000
1761583201499272	83.939000
1761583201552294	82.791000
1761583201604989	81.368000
1761583201654826	76.953000
1761583201711814	79.384000
1761583201769142	82.743000
1761583201820904	80.089000
1761583201872916	78.191000
1761583201929804	80.782000
1761583201983128	80.237000
1761583202040647	83.651000
1761583202091235	79.716000
1761583202149507	83.887000
1761583202206254	86.777000
1761583202250263	76.420000
1761583202307219	78.947000
1761583202365238	82.870000
1761583202414337	77.519000
1761583202469486	77.908000
1761583202528295	82.538000
1761583202580103	80.434000
1761583202639133	85.284000
1761583202691725	82.236000
1761583202745746	81.945000
1761583202795274	77.340000
1761583202850477	77.601000
1761583202910516	83.240000
1761583202960746	79.419000
1761583203013874	77.641000
1761583203072030	81.353000
1761583203124062	79.236000
1761583203178723	79.212000
1761583203236969	82.894000
1761583203286154	77.783000
1761583203342558	79.678000
1761583203401388	83.402000
1761583203450979	78.765000
1761583203505824	78.969000
1761583203563994	82.518000
1761583203615365	79.676000
1761583203668135	78.414000
1761583203723673	81.771000
1761583203778654	81.317000
1761583203830540	79.005000
1761583203884903	79.076000
1761583203940470	79.903000
1761583203993253	78.520000
1761583204047422	78.322000
1761583204105296	81.578000
1761583204156160	78.068000
1761583204210347	77.183000
1761583204267150	79.562000
1761583204315301	73.248000
1761583204373643	77.363000
1761583204434926	83.291000
1761583204486153	80.542000
1761583204536901	77.002000
1761583204590696	76.410000
1761583204669757	101.578000
1761583204728537	105.789000
1761583204779493	103.634000
1761583204836512	104.873000
1761583204897035	109.939000
1761583204958266	115.650000
1761583205016479	118.396000
1761583205082750	130.077000
1761583205128947	120.870000
1761583205197143	133.737000
1761583205245153	127.302000
1761583205309053	135.560000
1761583205363815	134.867000
1761583205423635	139.206000
1761583205483459	143.490000
1761583205540319	144.741000
1761583205601094	150.089000
1761583205656479	150.488000
1761583205712384	151.263000
1761583205763048	146.385000
1761583205809986	138.127000
1761583205835542	108.149000
1761583205865139	81.740000
1761583205906164	67.973000
1761583205947976	55.757000
1761583206005143	59.646000
1761583206063541	65.145000
1761583206111066	59.186000
1761583206162023	56.962000
1761583206214971	56.516000
1761583206276097	63.509000
1761583206326588	60.997000
1761583206375901	57.433000
1761583206431110	59.804000
1761583206483305	58.551000
1761583206538867	60.826000
1761583206591584	61.058000
1761583206640893	57.355000
1761583206692626	56.078000
1761583206748874	59.184000
1761583206808545	66.229000
1761583206866982	70.480000
1761583206920058	69.308000
1761583206965917	61.477000
1761583207024112	65.702000
1761583207077574	65.558000
1761583207134337	69.202000
1761583207186766	68.637000
1761583207242735	71.371000
1761583207292261	67.128000
1761583207345696	66.542000
1761583207401262	69.247000
1761583207454675	69.577000
1761583207505661	67.348000
1761583207559024	66.921000
1761583207612072	66.416000
1761583207663008	64.047000
1761583207714663	62.045000
1761583207773049	66.340000
1761583207826960	68.513000
1761583207890414	77.601000
1761583207943404	75.606000
1761583207996627	74.369000
1761583208057698	81.475000
1761583208103290	73.010000
1761583208160468	75.930000
1761583208214837	75.781000
1761583208271048	77.814000
1761583208325050	77.443000
1761583208380006	77.400000
1761583208437957	81.400000
1761583208482867	72.060000
1761583208542391	77.377000
1761583208594922	75.577000
1761583208652720	79.399000
1761583208705239	77.551000
1761583208759788	77.283000
1761583208817465	80.753000
1761583208861822	70.950000
1761583208927071	81.247000
1761583208982737	82.618000
1761583209032875	78.618000
1761583209086955	78.404000
1761583209139606	76.559000
1761583209200148	83.272000
1761583209248861	78.095000
1761583209303448	78.254000
1761583209364317	84.636000
1761583209415006	81.603000
1761583209459624	72.116000
1761583209519728	78.151000
1761583209580130	84.019000
1761583209632146	82.310000
1761583209675279	71.377000
1761583209737934	79.863000
1761583209796163	83.510000
1761583209847083	80.689000
1761583209891392	69.877000
1761583209953250	76.668000
1761583210014900	84.327000
1761583210058395	74.194000
1761583210117200	79.165000
1761583210170062	77.462000
1761583210222632	76.255000
1761583210280942	81.001000
1761583210332078	78.408000
1761583210386499	78.386000
1761583210446859	84.435000
1761583210497672	81.711000
1761583210542549	72.419000
1761583210601989	78.054000
1761583210662842	84.374000
1761583210713722	81.664000
1761583210759527	73.547000
1761583210817621	77.481000
1761583210877706	83.166000
1761583210924526	76.447000
1761583210983380	80.136000
1761583211034768	76.862000
1761583211094470	81.833000
1761583211147912	81.129000
1761583211198878	77.684000
1761583211259673	83.819000
1761583211310226	80.609000
1761583211363907	80.623000
1761583211417192	78.761000
1761583211470814	77.804000
1761583211529857	82.701000
1761583211581737	80.609000
1761583211635056	79.607000
1761583211693471	83.217000
1761583211744599	80.412000
1761583211796662	78.534000
1761583211850507	77.983000
1761583211909569	82.319000
1761583211960850	79.642000
1761583212014351	78.400000
1761583212080519	89.657000
1761583212125514	80.732000
1761583212176063	76.052000
1761583212239181	83.882000
1761583212289497	80.272000
1761583212339343	75.632000
1761583212398212	79.711000
1761583212456340	83.517000
1761583212506256	79.598000
1761583212557878	76.368000
1761583212619719	83.731000
1761583212670261	80.331000
1761583212723527	78.566000
1761583212775521	76.246000
1761583212835896	82.487000
1761583212887826	80.174000
1761583212941714	79.218000
1761583212999593	82.929000
1761583213049233	78.346000
1761583213103500	77.741000
1761583213157076	77.225000
1761583213214146	80.212000
1761583213263649	75.461000
1761583213320013	77.118000
1761583213374514	77.086000
1761583213431371	80.299000
1761583213482350	76.899000
1761583213537369	76.944000
1761583213595293	80.813000
1761583213646743	78.380000
1761583213699947	76.701000
1761583213760255	81.831000
1761583213806232	73.451000
1761583213863285	76.568000
1761583213925344	83.791000
1761583213969664	74.035000
1761583214027765	78.803000
1761583214081698	77.831000
1761583214141013	82.503000
1761583214187662	75.365000
1761583214250111	84.127000
1761583214298419	77.819000
1761583214351203	75.968000
1761583214405774	76.626000
1761583214464842	81.899000
1761583214516283	79.534000
1761583214569738	78.382000
1761583214629012	83.025000
1761583214680272	80.382000
1761583214733990	79.601000
1761583214787567	78.523000
1761583214846992	83.359000
1761583214898369	80.546000
1761583214951559	79.042000
1761583215011129	83.831000
1761583215057209	76.133000
1761583215115700	81.247000
1761583215166327	77.846000
1761583215226539	83.206000
1761583215278255	80.579000
1761583215330661	78.869000
1761583215385886	79.700000
1761583215435491	74.936000
1761583215494830	80.475000
1761583215547346	78.855000
1761583215601267	78.165000
1761583215661900	84.246000
1761583215712877	81.349000
1761583215764680	79.121000
1761583215817704	77.646000
1761583215878542	83.545000
1761583215929471	80.640000
1761583215975646	72.288000
1761583216034315	76.440000
1761583216096274	82.692000
1761583216148052	79.978000
1761583216199542	76.982000
1761583216253362	76.340000
1761583216312780	80.284000
1761583216364361	77.739000
1761583216426967	85.397000
1761583216476262	80.247000
1761583216527568	77.227000
1761583216581489	76.688000
1761583216641931	82.528000
1761583216693686	80.179000
1761583216745456	77.465000
1761583216803837	80.792000
1761583216855254	78.100000
1761583216910058	78.293000
1761583216969022	82.516000
1761583217019039	78.546000
1761583217075764	80.439000
1761583217132385	82.259000
1761583217180426	75.167000
1761583217240565	81.214000
1761583217290752	76.604000
1761583217350059	81.813000
1761583217400714	78.457000
1761583217453970	76.837000
1761583217508051	75.933000
1761583217567875	81.834000
1761583217618935	78.868000
1761583217672043	77.096000
1761583217733661	83.337000
1761583217784987	80.430000
1761583217836006	76.887000
1761583217897404	83.472000
1761583217942866	74.924000
1761583218002847	81.198000
1761583218053729	77.800000
1761583218114669	83.972000
1761583218160507	75.999000
1761583218219757	80.340000
1761583218271628	77.941000
1761583218322758	74.483000
1761583218383746	81.428000
1761583218435577	79.115000
1761583218488903	77.863000
1761583218540681	75.539000
1761583218601460	82.247000
1761583218652868	79.638000
1761583218706755	79.041000
1761583218764909	82.709000
1761583218811073	74.778000
1761583218870786	80.766000
1761583218922343	77.916000
1761583218982898	83.736000
1761583219034314	81.315000
1761583219080034	72.976000
1761583219140058	78.923000
1761583219201290	85.479000
1761583219254218	83.715000
1761583219305712	80.905000
1761583219357109	77.664000
1761583219417892	84.083000
1761583219469561	81.947000
1761583219520864	79.429000
1761583219574299	78.294000
1761583219635203	84.370000
1761583219688076	82.989000
1761583219737502	78.174000
1761583219791288	77.503000
1761583219851928	83.349000
1761583219903677	81.056000
1761583219954298	77.811000
1761583220009447	78.453000
1761583220069288	83.708000
1761583220121106	81.805000
1761583220172430	79.008000
1761583220227622	79.927000
1761583220284552	81.552000
1761583220331979	74.710000
1761583220388588	77.087000
1761583220450713	84.358000
1761583220503871	83.345000
1761583220552406	77.908000
1761583220606865	77.912000
1761583220659299	75.594000
1761583220719228	81.549000
1761583220764777	73.259000
1761583220823216	77.616000
1761583220876550	76.364000
1761583220932773	78.119000
1761583220990393	81.823000
1761583221036897	74.397000
1761583221089657	73.204000
1761583221148520	78.020000
1761583221202193	76.963000
1761583221264580	84.951000
1761583221313795	79.828000
1761583221368880	80.006000
1761583221428157	84.255000
1761583221480360	82.355000
1761583221531085	79.025000
1761583221586195	78.867000
1761583221639792	77.742000
1761583221699600	83.396000
1761583221751134	80.999000
1761583221803526	79.152000
1761583221858127	79.104000
1761583221910968	76.317000
1761583221970923	82.194000
1761583222022847	79.961000
1761583222076442	79.228000
1761583222129633	78.039000
1761583222190792	85.128000
1761583222243038	83.265000
1761583222294378	82.052000
1761583222342959	76.161000
1761583222405551	83.567000
1761583222456213	80.175000
1761583222507154	76.621000
1761583222559568	74.824000
1761583222622176	82.109000
1761583222670044	75.883000
1761583222725475	77.371000
1761583222779294	76.076000
1761583222840541	83.014000
1761583222891848	80.185000
1761583222942705	76.975000
1761583222996942	76.753000
1761583223057434	81.820000
1761583223108529	78.734000
1761583223162682	77.812000
1761583223222829	82.903000
1761583223276535	82.672000
1761583223319833	71.643000
1761583223382040	78.469000
1761583223435295	77.114000
1761583223497421	85.887000
1761583223540359	74.979000
1761583223599041	79.873000
1761583223650381	76.807000
1761583223706808	78.369000
1761583223765414	82.655000
1761583223812690	75.974000
1761583223871645	81.132000
1761583223922602	77.703000
1761583223978959	79.401000
1761583224038154	84.052000
1761583224082320	74.270000
1761583224141307	79.456000
1761583224196851	80.500000
1761583224259955	89.284000
1761583224308466	82.855000
1761583224356355	76.724000
1761583224413096	79.755000
1761583224464265	76.215000
1761583224525235	82.482000
1761583224579773	81.955000
1761583224620980	68.914000
1761583224663186	58.032000
1761583224720281	62.111000
1761583224772907	61.937000
1761583224825707	62.037000
1761583224876023	59.784000
1761583224927037	57.905000
1761583224981498	59.605000
1761583225033749	58.665000
1761583225086848	58.710000
1761583225142401	61.265000
1761583225195916	61.866000
1761583225249697	62.966000
1761583225300056	60.687000
1761583225350456	58.247000
1761583225407775	63.495000
1761583225467155	69.566000
1761583225531975	80.509000
1761583225572029	66.922000
1761583225626004	66.992000
1761583225679444	66.963000
1761583225732186	68.133000
1761583225789179	71.332000
1761583225843006	71.759000
1761583225894018	69.501000
1761583225947790	70.155000
1761583226003531	72.162000
1761583226055666	70.349000
1761583226107024	68.366000
1761583226160769	68.559000
1761583226217850	72.249000
1761583226267305	68.208000
1761583226322637	70.172000
1761583226376770	69.734000
1761583226432129	71.700000
1761583226490222	75.485000
1761583226552798	84.643000
1761583226599835	77.111000
1761583226655096	78.138000
1761583226713658	82.479000
1761583226760948	75.935000
1761583226818260	79.749000
1761583226865096	72.588000
1761583226922883	76.318000
1761583226978695	77.683000
1761583227031687	76.821000
1761583227090132	81.572000
1761583227139136	76.882000
1761583227195021	78.459000
1761583227255096	84.122000
1761583227301145	75.978000
1761583227360618	81.698000
1761583227413378	80.570000
1761583227465024	77.792000
1761583227520863	79.121000
1761583227580719	84.797000
1761583227628080	78.232000
1761583227684182	79.882000
1761583227736176	77.910000
1761583227789772	76.920000
1761583227849756	82.756000
1761583227902084	81.180000
1761583227949162	73.998000
1761583228006792	77.084000
1761583228060694	76.540000
1761583228120138	82.046000
1761583228172272	80.633000
1761583228222988	77.182000
1761583228279053	78.909000
1761583228333171	78.568000
1761583228390675	81.930000
1761583228441343	78.883000
1761583228489380	72.745000
1761583228547875	76.951000
1761583228608042	82.530000
1761583228660045	80.671000
1761583228712051	78.699000
1761583228767067	78.753000
1761583228826624	83.445000
1761583228878849	81.662000
1761583228931232	80.162000
1761583228985686	80.352000
1761583229045010	84.553000
1761583229097308	82.726000
1761583229149524	80.580000
1761583229201405	78.264000
1761583229257798	80.252000
1761583229315827	83.736000
1761583229367522	81.231000
1761583229420069	79.491000
1761583229475610	80.387000
1761583229534162	84.384000
1761583229586311	82.218000
1761583229638415	80.305000
1761583229692964	80.516000
1761583229744450	77.268000
1761583229803434	81.290000
1761583229854374	77.662000
1761583229910397	79.150000
1761583229969126	83.370000
1761583230020495	80.922000
1761583230072826	79.122000
1761583230127566	79.149000
1761583230186349	83.291000
1761583230238177	80.978000
1761583230288642	76.967000
1761583230344745	78.491000
1761583230404675	83.928000
1761583230455752	81.004000
1761583230507636	78.589000
1761583230561999	78.325000
1761583230622757	84.664000
1761583230670660	78.779000
1761583230724694	78.718000
1761583230778825	78.093000
1761583230833753	78.759000
1761583230892288	83.158000
1761583230942952	79.761000
1761583230994231	77.051000
1761583231050044	78.260000
1761583231110219	82.878000
1761583231160342	79.011000
1761583231214305	78.154000
1761583231270540	79.544000
1761583231327611	82.122000
1761583231380825	81.059000
1761583231432044	77.996000
1761583231485726	76.837000
1761583231543438	80.363000
1761583231595961	78.709000
1761583231652231	79.847000
1761583231709576	82.352000
1761583231762665	81.544000
1761583231814980	79.803000
1761583231869719	80.114000
1761583231919746	75.587000
1761583231980635	82.298000
1761583232032591	79.978000
1761583232088015	81.158000
1761583232139390	77.946000
1761583232201718	85.847000
1761583232250712	80.626000
1761583232252667	136.796000
1761583232254551	84.465000
1761583232303852	79.436000
1761583232355511	76.642000
1761583232416308	82.901000
1761583232468552	80.765000
1761583232521026	79.192000
1761583232575515	79.269000
1761583232634274	83.442000
1761583232684099	78.962000
1761583232735065	76.015000
1761583232789708	75.902000
1761583232845456	77.266000
1761583232897899	75.772000
1761583232953532	77.949000
1761583233007868	78.078000
1761583233061067	76.987000
1761583233114034	75.765000
1761583233166928	74.981000
1761583233219316	73.454000
1761583233272678	72.959000
1761583233329276	75.557000
1761583233385773	77.920000
1761583233438849	76.678000
1761583233490990	74.489000
1761583233547767	77.675000
1761583233601015	76.744000
1761583233656944	78.286000
1761583233718000	84.171000
1761583233768096	80.148000
1761583233820754	78.740000
1761583233875846	79.268000
1761583233928844	77.638000
1761583233989635	84.203000
1761583234040638	81.103000
1761583234093130	79.333000
1761583234144674	76.560000
1761583234203069	80.463000
1761583234263497	86.242000
1761583234313035	81.033000
1761583234368181	82.054000
1761583234423972	83.495000
1761583234474716	79.521000
1761583234534499	84.421000
1761583234587576	83.537000
1761583234638873	80.563000
1761583234690651	78.248000
1761583234744558	77.135000
1761583234804580	82.750000
1761583234855873	80.010000
1761583234907051	76.786000
1761583234961665	76.474000
1761583235022098	82.409000
1761583235074845	81.187000
1761583235126428	78.490000
1761583235180995	78.167000
1761583235235513	78.076000
1761583235292208	80.363000
1761583235345473	79.703000
1761583235400046	79.731000
1761583235458110	83.238000
1761583235505984	76.892000
1761583235564631	81.660000
1761583235616286	79.161000
1761583235671237	79.625000
1761583235729605	83.235000
1761583235783106	82.364000
1761583235833302	78.490000
1761583235888452	79.072000
1761583235947432	83.236000
1761583235998366	80.087000
1761583236051435	79.100000
1761583236107083	80.277000
1761583236165902	84.345000
1761583236217648	82.153000
1761583236268256	78.782000
1761583236321816	78.089000
1761583236376654	77.917000
1761583236435879	82.817000
1761583236487931	80.810000
1761583236539860	78.811000
1761583236595078	79.473000
1761583236654158	84.028000
1761583236706099	82.032000
1761583236758398	80.535000
1761583236811563	78.142000
1761583236871817	84.065000
1761583236922032	80.314000
1761583236968785	73.039000
1761583237026683	77.043000
1761583237083970	79.909000
1761583237140723	82.434000
1761583237193309	81.275000
1761583237242649	75.823000
1761583237300298	79.533000
1761583237354216	78.928000
1761583237412012	82.479000
1761583237463192	80.048000
1761583237510169	73.092000
1761583237568965	77.988000
1761583237623734	78.199000
1761583237683376	83.716000
1761583237734498	80.879000
1761583237784893	77.131000
1761583237841347	78.400000
1761583237900101	82.760000
1761583237953110	81.845000
1761583238004665	79.433000
1761583238059370	79.633000
1761583238118373	84.078000
1761583238169959	81.259000
1761583238222418	79.520000
1761583238276395	78.944000
1761583238336841	84.503000
1761583238389338	82.866000
1761583238441070	80.622000
1761583238497556	82.705000
1761583238546965	77.311000
1761583238607099	83.121000
1761583238657720	79.603000
1761583238709424	77.173000
1761583238766103	79.351000
1761583238825720	84.422000
1761583238876010	80.280000
1761583238927284	77.169000
1761583238983972	78.839000
1761583239042163	82.510000
1761583239090527	76.029000
1761583239147246	79.088000
1761583239200596	78.238000
1761583239258528	81.831000
1761583239314307	83.299000
1761583239365885	80.935000
1761583239417599	78.754000
1761583239473047	79.547000
1761583239527338	79.554000
1761583239578456	76.305000
1761583239637707	81.680000
1761583239689498	79.811000
1761583239743895	79.877000
1761583239802990	84.470000
1761583239865619	93.103000
1761583239907690	80.795000
1761583239961618	80.075000
1761583240018830	82.847000
1761583240071664	81.610000
1761583240123396	79.519000
1761583240178958	80.738000
1761583240236246	83.631000
1761583240286980	80.163000
1761583240339597	78.831000
1761583240396041	80.765000
1761583240452419	82.829000
1761583240505391	81.672000
1761583240557285	79.883000
1761583240613133	81.193000
1761583240663826	77.608000
1761583240722664	82.209000
1761583240772766	78.438000
1761583240828797	80.007000
1761583240880216	77.158000
1761583240938027	80.957000
1761583240984065	73.161000
1761583241041282	76.437000
1761583241095668	76.267000
1761583241149618	75.917000
1761583241203401	75.688000
1761583241261950	80.452000
1761583241308957	73.366000
1761583241366789	76.840000
1761583241424289	79.862000
1761583241480996	82.173000
1761583241532223	79.454000
1761583241578898	71.607000
1761583241640288	78.504000
1761583241694052	77.943000
1761583241751495	81.316000
1761583241798632	74.399000
1761583241857057	79.130000
1761583241910415	78.018000
1761583241969969	82.887000
1761583242023465	82.408000
1761583242075998	81.186000
1761583242129551	80.848000
1761583242181323	78.324000
1761583242242593	85.033000
1761583242293274	81.311000
1761583242347003	80.961000
1761583242399924	79.713000
1761583242456326	81.602000
1761583242509075	79.507000
1761583242568557	84.503000
1761583242621914	83.556000
1761583242674792	81.943000
1761583242727208	79.854000
1761583242787356	85.314000
1761583242840303	84.180000
1761583242892643	82.519000
1761583242952960	88.798000
1761583242995142	76.696000
1761583243049726	76.956000
1761583243108314	81.660000
1761583243160085	79.697000
1761583243212318	77.847000
1761583243270725	81.660000
1761583243322327	78.774000
1761583243379711	82.059000
1761583243432623	81.119000
1761583243485385	79.245000
1761583243540925	80.498000
1761583243591956	76.934000
1761583243651755	82.682000
1761583243700507	77.460000
1761583243756747	79.149000
1761583243810004	77.915000
1761583243868921	82.398000
1761583243922610	81.981000
1761583243971563	76.877000
1761583244027316	77.873000
1761583244083064	79.177000
1761583244144592	86.390000
1761583244189834	77.815000
1761583244249317	82.892000
1761583244252246	140.227000
1761583244254183	87.758000
1761583244257250	145.231000
1761583244258028	91.603000
1761583244299324	78.279000
1761583244357368	81.773000
1761583244410426	80.935000
1761583244461912	78.144000
1761583244517242	78.923000
1761583244571268	78.693000
1761583244643280	96.291000
1761583244712526	110.669000
1761583244774767	117.480000
1761583244837408	124.818000
1761583244893098	125.687000
1761583244955669	133.681000
1761583245000335	122.861000
1761583245057824	124.409000
1761583245103171	114.180000
1761583245150500	105.357000
1761583245194186	94.049000
1761583245245873	90.094000
1761583245296269	84.745000
1761583245348761	83.090000
1761583245408035	87.917000
1761583245462677	87.660000
1761583245515752	85.905000
1761583245573864	89.706000
1761583245626967	87.939000
1761583245681532	87.551000
1761583245740491	91.107000
1761583245793265	89.507000
1761583245846301	87.313000
1761583245907374	93.497000
1761583245959761	91.958000
1761583246004408	81.898000
1761583246058934	80.966000
1761583246112767	79.900000
1761583246157965	70.838000
1761583246218036	76.041000
1761583246269354	75.723000
1761583246322210	74.166000
1761583246375255	73.744000
1761583246423260	67.724000
1761583246487563	77.701000
1761583246538054	74.325000
1761583246590168	72.652000
1761583246641514	70.685000
1761583246693736	68.488000
1761583246755918	76.205000
1761583246806766	73.495000
1761583246856817	69.837000
1761583246908631	67.499000
1761583246970686	74.901000
1761583247023021	73.387000
1761583247087530	84.453000
1761583247137626	80.253000
1761583247190186	77.878000
1761583247250042	82.880000
1761583247301751	80.314000
1761583247357286	81.736000
1761583247409612	79.267000
1761583247467858	82.977000
1761583247520817	81.754000
1761583247574483	81.084000
1761583247625852	77.735000
1761583247688607	85.509000
1761583247741522	84.102000
1761583247790229	78.489000
1761583247842019	75.855000
1761583247905663	85.047000
1761583247956792	82.120000
1761583248010042	80.485000
1761583248065865	81.531000
1761583248110817	71.498000
1761583248178825	84.245000
1761583248223731	73.890000
1761583248281727	80.403000
1761583248328373	72.838000
1761583248380661	70.806000
1761583248440020	75.852000
1761583248495044	76.601000
1761583248548091	75.839000
1761583248606374	80.413000
1761583248659455	78.928000
1761583248712015	76.495000
1761583248773039	82.554000
1761583248818001	73.434000
1761583248876059	77.396000
1761583248929323	76.228000
1761583248984826	76.841000
1761583249042669	80.736000
1761583249087813	71.354000
1761583249149564	78.624000
1761583249208771	82.850000
1761583249261187	80.826000
1761583249313907	79.195000
1761583249367534	77.773000
1761583249427636	83.077000
1761583249478924	80.231000
1761583249531561	78.374000
1761583249593271	84.929000
1761583249645295	82.553000
1761583249697462	80.627000
1761583249750855	79.564000
1761583249803442	77.430000
1761583249862689	82.003000
1761583249912172	77.021000
1761583249975180	84.660000
1761583250026403	81.534000
1761583250078419	79.236000
1761583250133408	79.521000
1761583250194784	86.502000
1761583250244456	81.971000
1761583250294638	77.752000
1761583250350062	78.574000
1761583250409778	83.074000
1761583250462588	81.643000
1761583250513383	77.962000
1761583250575646	85.001000
1761583250626025	81.184000
1761583250678244	79.253000
1761583250732295	78.787000
1761583250785698	77.282000
1761583250845089	82.406000
1761583250897163	80.448000
1761583250948798	77.753000
1761583251009754	83.640000
1761583251061245	80.864000
1761583251112941	78.272000
1761583251166511	77.443000
1761583251220017	76.047000
1761583251278468	80.614000
1761583251324473	72.275000
1761583251385521	78.920000
1761583251439042	77.940000
1761583251496027	80.893000
1761583251542484	73.472000
1761583251602132	79.228000
1761583251656069	78.476000
1761583251716453	83.899000
1761583251761544	75.127000
1761583251821345	81.181000
1761583251866485	71.658000
1761583251927665	78.256000
1761583251980063	76.187000
1761583252034503	76.682000
1761583252093221	81.671000
1761583252144034	78.411000
1761583252199253	78.717000
1761583252264449	89.079000
1761583252309951	80.643000
1761583252364225	80.717000
1761583252416454	78.532000
1761583252469593	76.817000
1761583252529845	83.077000
1761583252582566	81.901000
1761583252634533	79.908000
1761583252691093	81.548000
1761583252748498	84.182000
1761583252801569	83.108000
1761583252852783	80.219000
1761583252908283	81.344000
1761583252967352	85.562000
1761583253019711	83.819000
1761583253072801	82.952000
1761583253122899	78.514000
1761583253184544	84.827000
1761583253239549	85.180000
1761583253285832	76.831000
1761583253343322	79.322000
1761583253401697	82.323000
1761583253446665	73.101000
1761583253505080	77.498000
1761583253556679	74.639000
1761583253619581	82.756000
1761583253664318	73.386000
1761583253723159	78.408000
1761583253775179	75.633000
1761583253837216	83.546000
1761583253887661	79.889000
1761583253933634	71.335000
1761583253993512	76.497000
1761583254046775	75.655000
1761583254106000	81.307000
1761583254155970	77.087000
1761583254211135	77.060000
1761583254270840	81.771000
1761583254315041	71.389000
1761583254375734	77.703000
1761583254438414	84.964000
1761583254490153	82.572000
1761583254540472	78.956000
1761583254595560	79.275000
1761583254649492	78.664000
1761583254709051	83.681000
1761583254755708	76.611000
1761583254815533	83.134000
1761583254866718	80.390000
1761583254918588	77.543000
1761583254980694	84.916000
1761583255026843	77.026000
1761583255086186	82.617000
1761583255138532	80.957000
1761583255187763	75.533000
1761583255254917	87.677000
1761583255299039	77.891000
1761583255355831	80.276000
1761583255407579	77.580000
1761583255463021	78.321000
1761583255515842	76.921000
1761583255573794	81.071000
1761583255620229	73.545000
1761583255678378	77.885000
1761583255734129	79.042000
1761583255786926	77.098000
1761583255845792	81.971000
1761583255890881	73.056000
1761583255951324	79.470000
1761583256004954	78.438000
1761583256066885	85.557000
1761583256111150	75.608000
1761583256171370	82.656000
1761583256223578	80.865000
1761583256272704	75.722000
1761583256330002	78.487000
1761583256397146	90.858000
1761583256444207	84.137000
1761583256492368	78.019000
1761583256547977	78.535000
1761583256605824	81.808000
1761583256654658	76.698000
1761583256655269	131.253000
1761583256661948	83.988000
1761583256713293	82.134000
1761583256765546	80.852000
1761583256816227	77.144000
1761583256885381	91.380000
1761583256932316	84.085000
1761583256984410	82.534000
1761583257034258	78.287000
1761583257089350	78.394000
1761583257149899	84.644000
1761583257199810	79.824000
1761583257258000	83.397000
1761583257305861	76.022000
1761583257369305	84.455000
1761583257417376	78.077000
1761583257476246	82.234000
1761583257524582	76.117000
1761583257576825	74.504000
1761583257629276	73.078000
1761583257682385	71.804000
1761583257741185	76.028000
1761583257797764	78.362000
1761583257848829	75.651000
1761583257900814	74.183000
1761583257952157	71.881000
1761583258008730	73.834000
1761583258065866	76.102000
1761583258118690	74.810000
1761583258169915	72.212000
1761583258222909	70.815000
1761583258275648	71.846000
1761583258336647	78.248000
1761583258389488	77.021000
1761583258447911	81.623000
1761583258504112	83.734000
1761583258556507	81.444000
1761583258615955	85.927000
1761583258668591	84.274000
1761583258719657	81.297000
1761583258777208	84.002000
1761583258829796	82.426000
1761583258881727	80.229000
1761583258935390	79.171000
1761583258995885	84.720000
1761583259047294	82.066000
1761583259101497	82.326000
1761583259153198	79.405000
1761583259211512	82.668000
1761583259261813	78.302000
1761583259316436	78.452000
1761583259377038	83.927000
1761583259429592	82.404000
1761583259480567	79.866000
1761583259535136	79.739000
1761583259591553	81.753000
1761583259637372	73.472000
1761583259695507	77.274000
1761583259754932	81.702000
1761583259801254	74.189000
1761583259859916	79.092000
1761583259912611	76.798000
1761583259965708	76.035000
1761583260024520	81.044000
1761583260074428	76.733000
1761583260130197	77.662000
1761583260188809	82.124000
1761583260234599	74.010000
1761583260291070	76.304000
1761583260353324	83.086000
1761583260398396	73.945000
1761583260456408	77.930000
1761583260518314	84.274000
1761583260570302	82.421000
1761583260621586	79.568000
1761583260675432	78.768000
1761583260736479	85.050000
1761583260787182	82.030000
1761583260837835	78.119000
1761583260899232	84.497000
1761583260950733	81.993000
1761583261003187	80.318000
1761583261056637	79.267000
1761583261115608	83.483000
1761583261166879	80.495000
1761583261218298	77.264000
1761583261278355	82.265000
1761583261331893	82.000000
1761583261383216	78.947000
1761583261437380	78.439000
1761583261498771	85.286000
1761583261545935	77.949000
1761583261602302	79.379000
1761583261659795	82.247000
1761583261710805	79.623000
1761583261757326	71.821000
1761583261819840	79.877000
1761583261875161	80.811000
1761583261926983	78.747000
1761583261980365	77.582000
1761583262035893	78.661000
1761583262090920	79.327000
1761583262144371	77.557000
1761583262198623	76.639000
1761583262260826	85.036000
1761583262305545	75.556000
1761583262363022	78.568000
1761583262421428	82.716000
1761583262471517	78.823000
1761583262525280	77.834000
1761583262586105	83.453000
1761583262637823	80.597000
1761583262688569	76.773000
1761583262749590	82.927000
1761583262800313	79.138000
1761583262854249	78.613000
1761583262907900	77.589000
1761583262966344	81.925000
1761583263015495	77.077000
1761583263070782	77.702000
1761583263129880	82.659000
1761583263175813	74.712000
1761583263234303	79.374000
1761583263286459	76.957000
1761583263346022	82.151000
1761583263391914	74.200000
1761583263450592	79.117000
1761583263504543	78.394000
1761583263569400	88.779000
1761583263614361	78.948000
1761583263666638	76.331000
1761583263726685	81.826000
1761583263778595	79.638000
1761583263832349	78.566000
1761583263889836	81.022000
1761583263942133	79.470000
1761583263994135	77.131000
1761583264055922	84.081000
1761583264107287	81.666000
1761583264158153	78.830000
1761583264211650	77.744000
1761583264270099	81.856000
1761583264322999	80.905000
1761583264373309	76.810000
1761583264427619	76.674000
1761583264487172	82.303000
1761583264538625	79.792000
1761583264601220	88.042000
1761583264608075	149.242000
1761583264609620	96.442000
1761583264631180	62.823000
1761583264682925	61.583000
1761583264732041	57.387000
1761583264786919	58.950000
1761583264842842	61.963000
1761583264899072	65.226000
1761583264945030	58.306000
1761583264997942	57.960000
1761583265051435	58.381000
1761583265109473	63.272000
1761583265160541	61.491000
1761583265211724	59.874000
1761583265268167	63.173000
1761583265320986	62.337000
1761583265373234	61.175000
1761583265427422	62.150000
1761583265479301	60.952000
1761583265529088	57.197000
1761583265587457	62.050000
1761583265640876	63.988000
1761583265702309	72.158000
1761583265753822	70.485000
1761583265806379	69.846000
1761583265855785	65.991000
1761583265908187	65.009000
1761583265965516	68.922000
1761583266017344	67.602000
1761583266067791	64.953000
1761583266124178	68.105000
1761583266176291	67.065000
1761583266228895	65.711000
1761583266284471	66.893000
1761583266336250	65.186000
1761583266391216	66.774000
1761583266444357	66.277000
1761583266498875	67.109000
1761583266552764	67.463000
1761583266606926	68.392000
1761583266660337	69.639000
1761583266718683	73.756000
1761583266780312	81.336000
1761583266832491	78.849000
1761583266886823	78.190000
1761583266944842	82.094000
1761583266995618	79.176000
1761583267048181	77.130000
1761583267107994	82.571000
1761583267158911	79.853000
1761583267208615	75.381000
1761583267265870	78.192000
1761583267322886	81.306000
1761583267373577	77.905000
1761583267427620	77.353000
1761583267486049	81.962000
1761583267537364	79.728000
1761583267590955	78.823000
1761583267642479	76.221000
1761583267700462	80.543000
1761583267750684	76.435000
1761583267805528	76.935000
1761583267864584	81.901000
1761583267916824	80.499000
1761583267968523	78.176000
1761583268022796	77.704000
1761583268080726	81.614000
1761583268133201	80.267000
1761583268185650	78.764000
1761583268241225	79.994000
1761583268296809	81.292000
1761583268349067	79.492000
1761583268401619	77.859000
1761583268456371	78.349000
1761583268514646	82.607000
1761583268566056	80.161000
1761583268617719	77.817000
1761583268672740	78.303000
1761583268731497	82.879000
1761583268787396	84.607000
1761583268787480	138.862000
1761583268794153	91.364000
1761583268833887	76.958000
1761583268893211	81.973000
1761583268945523	80.263000
1761583268999893	80.725000
1761583269053953	80.450000
1761583269104823	76.785000
1761583269166087	83.930000
1761583269218791	81.677000
1761583269274993	83.255000
1761583269327548	81.866000
1761583269381370	81.626000
1761583269434413	80.480000
1761583269488002	79.106000
1761583269545395	82.226000
1761583269618934	101.379000
1761583269624059	160.890000
1761583269624354	106.799000
1761583269649842	77.653000
1761583269710536	83.914000
1761583269760670	80.260000
1761583269806757	71.089000
1761583269857627	68.360000
1761583269913233	69.839000
1761583269969002	71.807000
1761583270021581	71.060000
1761583270074222	69.883000
1761583270126918	68.384000
1761583270184325	72.158000
1761583270236242	70.777000
1761583270287613	68.258000
1761583270346334	72.767000
1761583270400576	73.546000
1761583270448977	68.321000
1761583270504727	70.034000
1761583270562361	73.580000
1761583270614046	71.755000
1761583270665529	69.809000
1761583270716663	67.401000
1761583270771541	70.408000
1761583270836001	79.763000
1761583270889278	78.555000
1761583270948790	83.734000
1761583271001265	81.830000
1761583271052845	79.570000
1761583271106282	78.720000
1761583271165335	83.397000
1761583271217735	81.414000
1761583271271445	81.158000
1761583271329782	84.816000
1761583271382240	83.005000
1761583271434932	81.487000
1761583271486422	78.863000
1761583271546498	84.389000
1761583271599273	83.124000
1761583271651660	81.171000
1761583271703923	79.393000
1761583271762977	83.527000
1761583271827140	93.644000
1761583271865914	78.180000
1761583271921482	78.736000
1761583271977884	80.879000
1761583272030435	79.250000
1761583272086630	81.058000
1761583272137022	76.799000
1761583272193655	79.344000
1761583272250285	81.890000
1761583272300825	77.837000
1761583272359539	82.515000
1761583272409735	78.785000
1761583272464326	79.051000
1761583272523019	83.389000
1761583272574584	80.861000
1761583272626509	78.374000
1761583272686032	83.355000
1761583272737031	80.204000
1761583272788219	77.071000
1761583272842355	76.726000
1761583272900625	81.415000
1761583272951369	78.303000
1761583273005426	77.955000
1761583273065655	83.896000
1761583273114598	78.614000
1761583273169380	78.885000
1761583273227358	82.343000
1761583273281958	82.924000
1761583273331768	78.121000
1761583273386817	78.606000
1761583273445486	82.999000
1761583273496570	80.218000
1761583273550346	79.655000
1761583273607171	81.951000
1761583273657991	78.601000
1761583273713984	80.277000
1761583273765464	77.374000
1761583273820560	78.266000
1761583273875844	79.772000
1761583273931088	79.878000
1761583273987595	81.516000
1761583274040799	80.375000
1761583274092176	77.373000
1761583274144548	75.310000
1761583274205308	81.917000
1761583274258157	80.804000
1761583274309910	78.337000
1761583274370211	84.488000
1761583274419152	78.815000
1761583274479359	84.387000
1761583274531125	81.692000
1761583274583554	80.142000
1761583274635601	78.243000
1761583274691153	79.273000
1761583274747075	81.082000
1761583274799515	79.654000
1761583274854862	80.659000
1761583274913736	85.030000
1761583274964841	81.969000
1761583275015206	78.155000
1761583275069328	77.796000
1761583275127481	82.172000
1761583275179278	80.189000
1761583275231434	77.652000
1761583275289771	81.365000
1761583275342783	80.287000
1761583275393956	77.171000
1761583275447919	76.726000
1761583275506638	81.354000
1761583275558143	79.001000
1761583275612202	77.131000
1761583275671449	81.809000
1761583275722062	78.492000
1761583275776100	78.081000
1761583275834435	82.027000
1761583275885974	79.331000
1761583275941094	79.922000
1761583275997921	80.877000
1761583276050204	79.135000
1761583276105614	79.793000
1761583276157467	77.251000
1761583276214218	79.895000
1761583276265315	76.875000
1761583276322178	78.995000
1761583276380795	83.149000
1761583276432065	79.988000
1761583276486774	80.079000
1761583276545267	83.517000
1761583276596753	80.637000
1761583276648535	78.193000
1761583276703260	78.357000
1761583276761715	82.327000
1761583276813755	80.368000
1761583276865006	77.237000
1761583276919989	77.459000
1761583276984524	87.636000
1761583276989567	147.037000
1761583276993163	96.275000
1761583277028542	77.213000
1761583277089522	82.842000
1761583277139472	78.651000
1761583277191892	76.796000
1761583277249540	79.599000
1761583277305814	81.360000
1761583277360951	82.208000
1761583277409225	76.342000
1761583277468370	80.951000
1761583277521543	79.878000
1761583277573095	77.004000
1761583277628668	77.643000
1761583277688858	83.548000
1761583277740402	81.004000
1761583277790248	75.986000
1761583277853160	84.498000
1761583277904767	81.780000
1761583277954406	77.098000
1761583278016166	83.555000
1761583278066263	78.966000
1761583278121580	80.200000
1761583278169757	74.704000
1761583278222190	73.362000
1761583278274765	71.931000
1761583278331704	74.802000
1761583278385818	74.639000
1761583278438336	73.332000
1761583278490588	71.572000
1761583278549146	75.768000
1761583278604816	77.310000
1761583278660429	79.482000
1761583278706490	71.364000
1761583278765170	75.669000
1761583278820452	76.970000
1761583278876371	79.099000
1761583278928814	77.310000
1761583278981127	75.066000
1761583279036984	77.045000
1761583279096632	82.861000
1761583279147939	79.752000
1761583279200400	77.770000
1761583279260836	83.768000
1761583279311712	80.712000
1761583279364990	79.765000
1761583279424080	84.050000
1761583279476058	81.724000
1761583279528903	80.774000
1761583279581261	78.997000
1761583279636962	80.064000
1761583279695707	84.209000
1761583279745082	79.522000
1761583279800039	79.951000
1761583279852652	77.614000
1761583279912132	82.771000
