timestamp	delay_ms	delay_smooth
1761758186946819	33.314	36.523
1761758186954953	26.490	37.574
1761758186979867	39.666	38.556
1761758186995433	43.068	39.523
1761758187004756	40.075	39.415
1761758187020550	42.830	39.540
1761758187035962	44.448	40.183
1761758187050981	46.297	41.911
1761758187056744	38.548	42.015
1761758187071880	40.665	41.930
1761758187083873	39.739	42.432
1761758187100883	43.778	42.504
1761758187110805	40.702	42.205
1761758187125314	42.217	41.377
1761758187141002	45.100	41.222
1761758187151505	43.541	41.876
1761758187161484	41.465	42.413
1761758187170483	38.011	42.306
1761758187182133	37.001	42.373
1761758187205017	47.203	42.063
1761758187215012	45.112	41.814
1761758187224563	42.707	41.303
1761758187235499	41.368	41.204
1761758187245898	39.123	41.758
1761758187262313	42.606	42.301
1761758187270773	38.436	42.247
1761758187285726	40.474	42.144
1761758187301295	43.545	42.153
1761758187312145	42.434	42.541
1761758187328480	46.665	42.965
1761758187338286	44.084	43.333
1761758187349428	42.797	43.969
1761758187364613	45.244	44.108
1761758187375277	43.365	43.498
1761758187391123	46.282	43.278
1761758187402194	44.801	42.546
1761758187412464	41.865	42.253
1761758187420841	37.439	42.453
1761758187436697	40.238	42.078
1761758187448532	39.342	42.275
1761758187463189	41.158	42.141
1761758187479411	44.799	42.035
1761758187488105	41.490	42.227
1761758187504034	45.334	42.747
1761758187516044	44.941	42.936
1761758187527237	43.747	42.949
1761758187540037	43.786	43.149
1761758187551124	42.630	43.147
1761758187562681	42.132	43.415
1761758187572483	39.469	42.987
1761758187588952	43.158	42.710
1761758187603473	44.784	42.128
1761758187614945	44.169	41.921
1761758187623904	41.056	41.486
1761758187637414	42.174	41.303
1761758187646047	37.920	41.655
1761758187662262	41.719	41.363
1761758187671500	38.278	41.372
1761758187686513	40.302	41.116
1761758187701995	42.995	40.985
1761758187712337	40.231	40.993
1761758187729638	44.879	41.725
1761758187739417	41.609	41.822
1761758187750379	39.739	42.098
1761758187765981	42.259	42.608
1761758187781297	45.242	42.648
1761758187790865	42.682	43.353
1761758187801512	41.041	43.288
1761758187817612	45.399	43.568
1761758187828276	43.404	44.078
1761758187845071	47.274	44.210
1761758187854502	44.234	43.777
1761758187866785	44.411	43.218
1761758187879663	44.833	43.718
1761758187891101	43.580	43.629
1761758187901456	40.913	43.452
1761758187910370	37.088	43.332
1761758187932096	46.048	43.383
1761758187942943	44.504	43.112
1761758187952177	41.633	42.691
1761758187968580	46.079	42.143
1761758187979394	44.746	42.867
1761758187988389	41.692	43.448
1761758187999692	40.624	43.045
1761758188009933	38.102	42.667
1761758188032860	48.156	42.905
1761758188040050	42.895	42.363
1761758188051211	42.020	41.888
1761758188062416	40.727	41.393
1761758188077629	44.005	41.810
1761758188086472	40.660	42.288
1761758188098240	39.995	41.817
1761758188107818	36.743	41.555
1761758188128636	44.799	41.035
1761758188139073	42.881	40.979
1761758188151629	43.450	40.413
1761758188160858	40.265	40.292
1761758188170212	36.830	40.131
1761758188186683	40.164	40.474
1761758188197799	38.342	39.945
1761758188212005	39.455	39.756
1761758188223835	38.381	39.933
1761758188238705	40.168	40.064
1761758188250939	39.511	40.299
1761758188265463	40.994	40.065
1761758188281960	45.216	40.245
1761758188290390	41.583	40.798
1761758188300345	39.177	41.228
1761758188311682	37.823	41.362
1761758188326788	40.143	41.831
1761758188343779	44.986	41.906
1761758188353427	42.682	41.858
1761758188364559	41.501	42.078
1761758188379039	44.206	42.423
1761758188388654	41.741	42.512
1761758188403726	44.742	42.796
1761758188415095	43.783	42.826
1761758188426277	42.626	42.944
1761758188435180	38.709	42.867
1761758188451870	42.983	42.462
1761758188467055	45.289	42.002
1761758188478080	43.860	41.453
1761758188486963	40.735	41.345
1761758188498671	40.155	41.290
1761758188508211	37.142	41.832
1761758188523261	39.246	41.929
1761758188538955	42.706	42.082
1761758188550585	42.072	41.978
1761758188565444	44.130	42.162
1761758188577785	43.956	42.059
1761758188593557	46.817	42.178
1761758188601975	42.818	42.545
1761758188613727	42.574	42.129
1761758188622647	39.131	41.909
1761758188634445	38.325	41.199
1761758188651991	42.919	40.865
1761758188660222	38.551	40.562
1761758188674650	39.871	40.632
1761758188684612	37.023	41.073
1761758188701107	40.623	41.634
1761758188716767	43.780	42.053
1761758188728969	43.521	41.770
1761758188745183	46.989	42.267
1761758188754936	44.743	42.498
1761758188764795	42.509	43.408
1761758188774785	40.092	43.751
1761758188790133	43.518	44.119
1761758188801055	42.187	44.250
1761758188816948	46.121	44.032
1761758188827356	44.052	44.942
1761758188842990	47.457	45.661
1761758188852965	44.835	46.260
1761758188864973	44.809	46.194
1761758188886139	53.844	46.121
1761758188894592	49.693	45.487
1761758188903921	46.080	44.834
1761758188913361	42.867	44.198
1761758188923931	41.453	43.636
1761758188934525	39.785	42.814
1761758188944727	37.514	41.349
1761758188961282	41.104	40.198
1761758188971905	39.216	39.710
1761758188982187	36.581	39.771
1761758188997240	39.195	39.848
1761758189008919	38.183	39.765
1761758189024836	41.203	39.825
1761758189039504	43.476	39.781
1761758189050220	42.221	39.588
1761758189059284	38.956	39.959
1761758189071001	38.112	40.534
1761758189086579	40.667	41.049
1761758189095892	37.282	40.923
1761758189111799	40.298	40.523
1761758189128965	44.947	40.421
1761758189139329	43.330	40.906
1761758189148154	39.937	41.449
1761758189160308	39.478	41.561
1761758189174850	41.200	42.313
1761758189189795	43.813	42.809
1761758189201629	43.542	43.163
1761758189212085	41.780	43.203
1761758189226894	44.805	43.431
1761758189239417	45.255	44.041
1761758189254850	48.486	44.357
1761758189262550	43.731	44.602
1761758189273425	42.215	44.766
1761758189289683	45.586	44.842
1761758189301038	44.359	44.780
1761758189315931	46.257	44.390
1761758189327484	45.186	43.892
1761758189337846	42.539	43.812
1761758189352148	44.183	44.061
1761758189362462	41.354	43.728
1761758189377345	43.511	43.471
1761758189389788	42.929	42.812
1761758189404255	44.711	42.450
1761758189413827	42.254	42.592
1761758189425626	41.784	42.471
1761758189436057	39.672	42.610
1761758189450989	41.558	42.142
1761758189465844	43.965	42.066
1761758189476976	42.968	42.006
1761758189488937	42.744	42.188
1761758189497531	38.831	42.251
1761758189513743	42.168	42.269
1761758189528025	44.118	41.878
1761758189540148	44.076	42.005
1761758189550645	42.408	41.995
1761758189560477	39.852	42.308
1761758189571057	37.648	42.800
1761758189591382	45.234	42.844
1761758189601030	42.866	42.546
1761758189616242	45.876	42.046
1761758189626650	43.757	42.252
1761758189637610	42.604	42.781
1761758189648256	41.134	43.355
1761758189658641	39.078	43.468
1761758189676882	44.474	43.655
1761758189690286	45.135	43.414
1761758189700560	43.395	43.542
1761758189715743	46.362	43.641
1761758189726654	44.739	43.662
1761758189737819	43.467	44.202
1761758189752233	45.033	43.970
1761758189763385	43.593	43.415
1761758189774140	41.343	43.344
1761758189789675	44.481	42.790
1761758189799366	42.149	42.565
1761758189810069	39.585	43.476
1761758189826151	42.689	44.743
1761758189837047	40.820	47.632
1761758189851691	42.490	48.714
1761758189874603	52.578	48.455
1761758189891712	57.699	49.884
1761758189894514	72.489	50.505
1761758189898358	52.164	49.930
1761758189900426	41.884	50.224
1761758189902639	56.445	50.265
1761758189904337	45.795	49.262
1761758189908336	36.938	47.403
1761758189927882	43.760	44.572
1761758189939022	42.899	43.546
1761758189950767	42.545	44.044
1761758189959726	39.108	42.852
1761758189976680	44.181	42.491
1761758189986508	41.902	42.836
1761758190003422	46.871	42.157
1761758190013445	44.521	42.568
1761758190023178	42.186	42.755
1761758190033609	40.387	43.169
1761758190042891	36.969	43.505
1761758190065720	47.010	43.780
1761758190075584	44.410	43.784
1761758190086508	43.255	43.856
1761758190102748	47.544	43.823
1761758190112094	44.650	44.306
1761758190126629	46.907	45.006
1761758190137683	45.243	44.424
1761758190146828	41.858	44.292
1761758190163092	45.216	44.001
1761758190174454	43.968	43.657
1761758190184630	41.185	43.510
1761758190199169	43.094	43.374
1761758190209476	40.341	42.981
1761758190226012	44.105	42.791
1761758190238167	43.178	42.475
1761758190253354	45.550	41.979
1761758190262029	41.311	41.965
1761758190273499	39.967	41.550
1761758190288663	42.051	41.841
1761758190298460	39.009	41.954
1761758190313492	41.047	42.029
1761758190324207	38.943	41.664
1761758190341662	43.246	41.575
1761758190356421	45.238	41.350
1761758190367106	43.926	41.811
1761758190377252	41.898	42.136
1761758190388216	40.422	42.171
1761758190398390	37.719	42.194
1761758190419972	46.666	42.322
1761758190427601	42.252	42.066
1761758190438851	41.400	41.694
1761758190449123	39.170	41.749
1761758190466360	44.533	42.340
1761758190476758	42.675	42.690
1761758190486710	40.204	42.501
1761758190501799	42.453	42.620
1761758190518444	46.325	43.126
1761758190526708	41.226	43.652
1761758190543202	44.770	43.396
1761758190554617	43.447	43.221
1761758190569724	46.460	42.953
1761758190579943	44.423	42.737
1761758190589549	41.974	42.525
1761758190600710	40.928	42.799
1761758190609808	37.520	42.984
1761758190625246	40.294	43.099
1761758190641682	44.204	42.918
1761758190653432	43.971	43.049
1761758190668113	46.615	43.204
1761758190678491	44.601	43.342
1761758190690932	44.652	43.731
1761758190704752	45.730	43.479
1761758190714861	43.523	43.059
1761758190725715	42.313	43.080
1761758190737187	41.407	42.715
1761758190746165	37.772	42.217
1761758190761356	40.011	41.482
1761758190777667	44.171	40.919
1761758190788489	42.967	41.015
1761758190797482	39.620	41.093
1761758190807716	37.308	41.561
1761758190823239	40.093	43.496
1761758190840073	44.486	44.503
1761758190850577	43.097	44.531
1761758190865690	46.089	44.448
1761758190889027	57.116	44.577
1761758190894775	50.084	44.842
1761758190901551	44.451	44.498
1761758190911219	42.135	44.691
1761758190922002	40.909	44.676
1761758190933435	39.956	44.367
1761758190942748	36.653	43.443
1761758190965122	46.415	42.850
1761758190974031	42.954	42.687
1761758190986188	43.000	42.468
1761758191003050	47.874	42.200
1761758191011516	44.149	42.358
1761758191022282	42.828	43.104
1761758191031593	39.943	42.820
1761758191042453	38.224	42.656
1761758191058511	41.535	42.260
1761758191073601	44.121	41.102
1761758191084985	43.576	41.145
1761758191094761	41.308	41.099
1761758191104706	39.040	41.240
1761758191114700	36.296	41.414
1761758191135518	44.584	40.948
1761758191145318	42.368	40.659
1761758191156335	41.345	40.709
1761758191167254	39.972	40.925
1761758191176777	36.872	41.801
1761758191193762	41.226	42.652
1761758191209041	44.084	42.485
1761758191220384	43.464	42.354
1761758191236709	47.797	42.057
1761758191246023	44.811	42.097
1761758191256186	42.906	42.756
1761758191266558	41.068	42.962
1761758191276351	38.368	42.590
1761758191291107	40.377	42.204
1761758191306820	43.457	41.085
1761758191318607	43.284	41.073
1761758191327671	40.369	41.014
1761758191339260	39.598	41.110
1761758191349004	36.613	41.420
1761758191369571	44.692	41.223
1761758191379504	42.316	40.994
1761758191391232	42.028	40.998
1761758191402925	41.465	41.150
1761758191412389	38.404	41.363
1761758191427768	41.172	41.583
1761758191442284	43.323	41.364
1761758191452753	41.884	41.647
1761758191464788	41.731	41.691
1761758191474255	38.818	41.593
1761758191490875	42.504	41.644
1761758191505860	45.136	41.776
1761758191515349	42.473	41.987
1761758191525481	40.489	42.135
1761758191536267	38.911	42.345
1761758191552605	42.486	42.546
1761758191568270	45.435	42.051
1761758191578199	43.366	41.491
1761758191590695	43.833	41.537
1761758191599947	40.828	41.663
1761758191609276	37.552	42.297
1761758191623970	39.534	42.208
1761758191639893	42.936	41.756
1761758191651584	41.744	41.222
1761758191667768	45.261	40.908
1761758191676035	41.588	41.209
1761758191687606	40.916	41.795
1761758191697040	38.025	42.077
1761758191712468	40.693	41.727
1761758191728095	43.839	41.249
1761758191739902	43.415	40.870
1761758191750847	42.353	41.095
1761758191760247	39.434	41.100
1761758191770384	36.963	41.256
1761758191787763	41.475	40.928
1761758191802316	43.839	40.569
1761758191811434	40.968	41.278
1761758191822321	39.583	41.425
1761758191832680	37.409	43.229
1761758191848293	40.253	44.372
1761758191870730	50.506	44.263
1761758191876052	43.822	43.667
1761758191877701	57.477	43.658
1761758191880619	48.389	44.056
1761758191884741	40.383	44.718
1761758191894665	37.882	44.880
1761758191910353	40.877	43.826
1761758191925743	43.567	43.341
1761758191938189	44.025	42.297
1761758191948093	41.868	41.878
1761758191958499	39.966	42.167
1761758191970221	38.973	42.420
1761758191990816	47.036	42.161
1761758192000321	44.201	41.835
1761758192011309	43.280	41.376
1761758192020646	40.403	41.432
1761758192031133	38.290	42.054
1761758192046071	40.304	42.412
1761758192057801	39.438	41.778
1761758192073759	42.430	41.361
1761758192089939	46.184	41.205
1761758192098418	42.556	41.907
1761758192108723	40.693	42.486
1761758192120449	40.035	42.758
1761758192134771	41.715	42.765
1761758192152899	47.428	42.248
1761758192161731	44.077	41.739
1761758192172634	43.021	42.002
1761758192181442	39.515	42.164
1761758192191853	37.256	42.145
1761758192208495	41.096	41.845
1761758192224677	45.180	41.223
1761758192233888	42.319	41.343
1761758192243616	39.839	41.205
1761758192255130	38.718	41.440
1761758192270468	41.211	41.611
1761758192286972	45.273	41.834
1761758192295348	41.642	41.664
1761758192307892	41.867	41.657
1761758192317442	38.968	41.952
1761758192334620	43.326	42.029
1761758192347105	43.476	42.094
1761758192358028	42.245	42.075
1761758192370640	42.790	42.371
1761758192379681	39.491	42.398
1761758192394739	41.866	42.558
1761758192410782	45.074	42.096
1761758192422397	44.610	41.883
1761758192431961	42.137	42.160
1761758192442686	40.566	42.157
1761758192453605	38.700	42.220
1761758192468922	41.354	41.857
1761758192484663	45.011	41.512
1761758192494545	42.765	41.424
1761758192504175	40.112	41.395
1761758192514815	38.243	41.358
1761758192530984	41.625	41.263
1761758192545483	43.731	41.320
1761758192555610	41.838	41.209
1761758192566147	40.197	41.374
1761758192576109	37.755	41.453
1761758192592928	41.919	41.605
1761758192607318	43.901	41.774
1761758192620008	44.421	41.464
1761758192628572	40.898	41.669
1761758192639847	39.763	41.817
1761758192656003	43.316	42.156
1761758192666117	40.635	41.817
1761758192681475	43.889	41.554
1761758192691260	41.669	41.507
1761758192702959	41.150	41.685
1761758192712889	38.529	41.817
1761758192728298	41.272	41.334
1761758192743125	43.950	41.490
1761758192753879	42.678	41.689
1761758192764456	41.080	41.929
1761758192774197	38.488	41.946
1761758192790623	42.197	42.121
1761758192807035	45.879	41.692
1761758192817210	44.065	42.970
1761758192826475	41.322	43.603
1761758192837652	40.279	43.662
1761758192846889	36.979	43.746
1761758192879290	56.733	43.266
1761758192883974	49.010	42.644
1761758192888692	41.669	42.617
1761758192898512	39.323	42.786
1761758192909070	37.397	42.943
1761758192924139	39.666	43.318
1761758192940539	43.795	41.930
1761758192951840	43.009	41.826
1761758192962706	41.847	41.910
1761758192973966	40.730	42.162
1761758192988725	42.856	42.462
1761758193006660	47.968	42.256
1761758193013340	42.514	41.847
1761758193024609	41.840	41.835
1761758193035410	40.396	41.933
1761758193045178	37.607	41.776
1761758193060031	39.707	41.312
1761758193075724	42.881	40.669
1761758193087658	42.832	41.023
1761758193096243	39.156	41.166
1761758193107701	38.214	41.319
1761758193123760	41.541	41.454
1761758193140722	46.060	41.869
1761758193149891	43.271	42.212
1761758193160598	41.917	42.240
1761758193170097	38.956	42.702
1761758193187683	43.861	42.760
1761758193202632	46.307	42.312
1761758193211635	43.120	41.622
1761758193224267	43.773	41.637
1761758193231634	38.790	41.740
1761758193242593	37.060	41.760
1761758193257597	39.167	41.203
1761758193273958	43.418	40.638
1761758193285536	42.946	40.777
1761758193294006	39.158	40.705
1761758193305832	38.288	40.999
1761758193320931	40.656	41.259
1761758193337296	44.511	41.533
1761758193347783	43.057	41.618
1761758193358615	41.732	41.555
1761758193368939	39.658	41.783
1761758193383902	41.904	41.799
1761758193398734	44.267	41.484
1761758193408716	42.314	41.515
1761758193419904	41.441	41.634
1761758193429211	38.452	41.763
1761758193440834	37.505	42.426
1761758193460688	44.822	42.739
1761758193472386	44.241	42.689
1761758193483164	43.026	42.420
1761758193498321	46.290	42.146
1761758193509262	45.035	42.471
1761758193520097	43.767	43.129
1761758193528102	39.617	42.862
1761758193539655	38.707	42.488
1761758193555358	41.698	42.331
1761758193570461	44.091	41.381
1761758193580504	42.152	41.365
1761758193590948	40.499	41.215
1761758193604309	41.452	41.421
1761758193612482	36.788	41.405
1761758193633128	44.883	40.935
1761758193642735	42.260	40.550
1761758193654198	41.682	40.677
1761758193663433	38.550	40.737
1761758193674486	36.997	40.679
1761758193690595	40.239	40.760
1761758193705891	43.417	40.380
1761758193715607	41.104	40.645
1761758193727589	40.866	40.673
1761758193736945	37.606	40.898
1761758193753314	41.079	40.975
1761758193769245	44.909	41.005
1761758193778402	41.963	41.004
1761758193789409	40.801	41.115
1761758193798899	37.767	41.318
1761758193814399	40.539	42.887
1761758193829897	43.410	43.402
1761758193840644	42.214	43.516
1761758193853312	42.888	43.553
1761758193876092	53.298	43.396
1761758193881820	46.230	43.859
1761758193894219	46.048	43.960
1761758193902948	42.330	43.697
1761758193912792	39.237	43.347
1761758193928398	42.392	43.170
1761758193939531	41.554	42.315
1761758193951006	40.777	42.234
1761758193961469	38.719	41.779
1761758193976804	41.119	41.402
1761758193992710	44.744	41.793
1761758194005444	45.424	41.680
1761758194013599	41.494	41.302
1761758194023150	38.562	41.393
1761758194039730	43.145	41.999
1761758194049953	41.258	42.280
1761758194058880	37.782	41.838
1761758194075566	41.684	41.267
1761758194091277	44.780	41.433
1761758194102403	43.925	42.164
1761758194110907	40.329	42.199
1761758194122636	39.715	42.213
1761758194138878	43.149	42.533
1761758194154023	45.874	42.077
1761758194163851	43.491	41.540
1761758194173796	41.401	41.423
1761758194185727	40.987	41.662
1761758194194553	37.114	41.626
1761758194209742	39.418	41.090
1761758194225291	42.752	40.569
1761758194237248	42.721	40.618
1761758194246090	39.350	40.665
1761758194257039	37.787	40.547
1761758194272720	40.665	40.691
1761758194288550	43.981	40.935
1761758194298350	41.871	41.329
1761758194308377	39.813	41.481
1761758194319513	38.555	41.809
1761758194335592	41.856	41.997
1761758194352929	46.688	41.680
1761758194362479	44.245	41.222
1761758194372884	42.628	41.330
1761758194382347	39.665	41.782
1761758194392786	37.497	42.004
1761758194407569	39.405	41.794
1761758194423268	42.945	41.313
1761758194436650	44.339	41.354
1761758194445329	40.771	41.309
1761758194456753	39.755	41.513
1761758194471696	41.877	41.708
1761758194486736	44.662	41.852
1761758194496280	42.170	41.974
1761758194507936	41.707	41.745
1761758194518164	39.447	42.374
1761758194532392	40.843	42.879
1761758194548419	44.165	42.871
1761758194558275	42.054	42.613
1761758194575404	47.062	42.511
1761758194585543	44.806	42.498
1761758194594499	41.790	43.086
1761758194606940	42.082	43.293
1761758194618386	41.149	43.261
1761758194631495	41.586	43.114
1761758194647663	45.322	42.320
1761758194657478	42.910	41.837
1761758194670520	43.848	42.192
1761758194679526	40.586	42.127
1761758194690657	39.123	42.279
1761758194704257	39.979	42.006
1761758194721751	45.333	41.625
1761758194729865	41.437	41.688
1761758194743282	42.665	41.473
1761758194751868	38.861	41.477
1761758194767337	41.510	41.399
1761758194782012	43.534	41.541
1761758194792176	41.699	41.554
1761758194803226	40.626	42.402
1761758194813335	38.348	44.183
1761758194829158	41.401	45.295
1761758194845750	45.463	47.561
1761758194862392	49.911	48.559
1761758194885019	60.478	48.639
1761758194886932	49.981	48.467
1761758194888713	64.172	48.887
1761758194890467	53.516	48.762
1761758194892108	42.490	48.158
1761758194901467	38.910	46.923
1761758194917243	42.546	44.970
1761758194926947	40.157	44.414
1761758194938450	39.421	42.206
1761758194949106	37.558	41.176
1761758194965243	40.946	40.940
1761758194980805	44.420	41.186
1761758194990484	42.091	41.329
1761758195003757	43.222	41.658
1761758195012940	40.129	41.810
1761758195026887	41.371	42.100
1761758195042112	43.970	41.828
1761758195053571	43.449	41.927
1761758195063190	40.940	42.024
1761758195075133	40.458	41.906
1761758195085540	38.232	41.887
1761758195105332	45.413	41.465
1761758195115272	43.052	41.283
1761758195126246	42.041	41.368
1761758195136475	39.943	41.737
1761758195146214	37.147	41.839
1761758195164076	42.158	42.060
1761758195178434	44.292	41.794
1761758195190720	44.638	42.097
1761758195199673	41.475	42.236
1761758195211041	40.439	42.307
1761758195226048	42.751	42.627
1761758195242124	46.086	42.114
1761758195251487	43.433	42.369
1761758195260819	40.656	42.280
1761758195272872	40.338	42.313
1761758195282315	37.034	42.359
1761758195304756	46.841	41.872
1761758195313727	43.745	41.383
1761758195323828	41.810	41.505
1761758195335085	40.897	41.833
1761758195344538	37.877	41.824
1761758195360491	41.203	42.100
1761758195376439	44.649	41.681
1761758195387665	43.938	41.836
1761758195396091	40.244	41.959
1761758195407998	39.795	42.039
1761758195423737	42.656	42.283
1761758195438737	45.294	42.496
1761758195448696	43.041	42.096
1761758195459501	41.697	41.592
1761758195470449	40.310	41.718
1761758195486201	43.337	42.219
1761758195496398	40.648	42.106
1761758195507429	38.894	41.677
1761758195522953	41.512	41.255
1761758195538447	44.801	41.206
1761758195547276	41.525	41.743
1761758195559062	41.006	41.632
1761758195569498	38.818	41.644
1761758195584628	41.209	41.497
1761758195601476	45.679	41.370
1761758195610011	42.227	41.192
1761758195620828	40.768	41.282
1761758195629971	37.423	41.222
1761758195645594	40.248	41.172
1761758195660766	43.014	41.204
1761758195672115	42.431	41.140
1761758195682173	40.402	41.217
1761758195692447	38.318	41.330
1761758195708301	41.528	42.265
1761758195724272	45.036	42.576
1761758195734530	43.007	42.439
1761758195745440	41.894	42.149
1761758195762202	46.770	41.985
1761758195770996	43.364	42.320
1761758195781260	41.643	42.600
1761758195791484	39.532	42.258
1761758195803304	38.759	42.344
1761758195818858	41.664	42.492
1761758195833938	44.332	42.498
1761758195843146	41.618	42.609
1761758195857516	43.867	42.710
1761758195869390	43.373	42.848
1761758195885630	46.833	42.826
1761758195895719	44.466	42.415
1761758195905917	42.652	42.037
1761758195916257	40.913	42.267
1761758195926164	38.542	41.979
1761758195937717	37.550	41.652
1761758195953589	40.559	41.033
1761758195969111	43.911	40.787
1761758195978039	40.996	40.968
1761758195989272	40.096	41.194
1761758196002188	40.640	41.588
1761758196016235	42.013	41.801
1761758196030990	44.458	42.000
1761758196041844	43.176	41.599
1761758196053297	42.484	41.985
1761758196062818	39.675	42.221
1761758196078328	42.555	42.322
1761758196088517	39.897	42.022
1761758196105548	44.860	41.694
1761758196115119	42.455	41.848
1761758196126538	41.647	41.746
1761758196136492	39.013	41.960
1761758196151484	41.177	41.577
1761758196167185	44.713	41.596
1761758196176013	41.464	41.540
1761758196188666	41.818	41.690
1761758196198005	38.723	41.657
1761758196212202	40.085	41.646
1761758196228855	44.300	41.655
1761758196240687	43.957	41.604
1761758196250192	41.323	41.819
1761758196260150	38.904	41.737
1761758196275210	41.265	41.929
1761758196290579	44.200	41.645
1761758196302201	43.612	41.356
1761758196311568	40.997	41.295
1761758196323490	40.644	41.458
1761758196332659	37.250	41.626
1761758196349568	41.406	41.328
1761758196363659	43.346	40.967
1761758196375361	42.952	41.176
1761758196385076	40.583	41.397
1761758196395319	38.294	41.486
1761758196410353	40.591	41.728
1761758196428027	45.698	41.765
1761758196437534	43.210	41.941
1761758196447978	41.526	41.930
1761758196458519	39.673	41.981
1761758196473474	41.775	42.160
1761758196489312	45.108	41.772
1761758196498994	42.838	41.848
1761758196509213	41.094	41.828
1761758196520582	40.085	41.884
1761758196529781	36.711	41.879
1761758196552237	46.459	41.567
1761758196561130	43.014	41.166
1761758196572180	42.087	41.430
1761758196581906	39.617	41.753
1761758196593502	38.653	41.971
1761758196608614	41.102	42.358
1761758196625237	45.477	42.026
1761758196636170	44.325	42.224
1761758196646285	42.260	42.292
1761758196656915	40.587	42.478
1761758196672109	43.133	42.669
1761758196686730	45.001	42.393
1761758196696544	42.768	42.084
1761758196707229	41.479	42.142
1761758196718572	40.555	42.315
1761758196728891	38.349	42.206
1761758196745509	42.384	41.731
1761758196760561	44.900	41.459
1761758196771583	43.991	41.629
1761758196779352	39.495	41.798
1761758196790625	38.392	41.819
1761758196807386	42.277	42.255
1761758196822029	44.471	43.267
1761758196832899	43.162	43.540
1761758196842615	40.772	43.729
1761758196856936	42.709	43.996
1761758196879541	52.500	44.115
1761758196888862	47.630	44.226
1761758196899936	45.879	43.863
1761758196909580	42.169	43.533
1761758196920259	39.584	43.349
1761758196936202	43.386	43.178
1761758196945725	40.841	42.387
1761758196957068	39.860	41.938
1761758196968765	38.929	41.352
1761758196983851	41.000	41.027
1761758196999705	44.594	41.236
1761758197010255	43.136	41.312
1761758197019338	40.016	41.498
1761758197030842	38.923	41.663
1761758197046633	41.671	41.735
1761758197061430	44.149	41.807
1761758197072102	42.706	41.833
1761758197083247	41.506	41.888
1761758197093939	39.647	41.864
1761758197109025	41.725	41.842
1761758197124700	44.846	41.836
1761758197135613	43.688	41.892
1761758197144009	39.774	41.927
1761758197155429	38.709	42.335
1761758197171421	41.613	42.810
1761758197186891	44.705	42.859
1761758197197618	43.054	42.316
1761758197212983	45.593	42.199
1761758197224072	44.394	42.781
1761758197234152	42.210	43.175
1761758197243870	39.415	43.784
1761758197259923	42.527	43.733
1761758197275922	45.591	43.765
1761758197285043	42.650	43.834
1761758197302371	47.702	43.802
1761758197311382	44.196	43.717
1761758197322616	43.370	43.734
1761758197337587	46.281	43.720
1761758197348209	44.076	43.052
1761758197358634	41.365	43.169
1761758197369663	39.584	42.579
1761758197384598	42.383	41.992
1761758197393645	38.909	41.331
1761758197410473	43.829	41.100
1761758197420668	41.800	41.032
1761758197429719	38.318	40.991
1761758197441064	36.770	40.859
1761758197461073	43.970	40.997
1761758197472566	43.391	41.295
1761758197482281	40.959	40.839
1761758197492120	38.262	40.792
1761758197509589	43.764	41.329
1761758197519966	41.890	42.077
1761758197530008	39.268	42.338
1761758197545001	41.324	42.365
1761758197560227	43.696	42.922
1761758197572860	44.246	43.588
1761758197587322	46.585	43.569
1761758197596894	43.652	43.906
1761758197612219	46.530	44.179
1761758197623482	44.923	44.097
1761758197634678	43.571	44.109
1761758197649355	45.269	43.801
1761758197658706	41.996	43.187
1761758197670309	40.502	42.679
1761758197686052	43.813	42.553
1761758197695540	41.170	42.498
1761758197707268	40.447	42.379
1761758197718163	38.571	41.982
1761758197737981	45.272	41.402
1761758197749268	44.371	41.922
1761758197759402	42.380	41.810
1761758197770789	41.301	41.969
1761758197778501	36.192	41.804
1761758197800868	45.699	41.607
1761758197809847	42.694	41.374
1761758197822085	42.759	41.619
1761758197830674	38.801	41.442
1761758197841283	36.598	43.058
1761758197861939	42.944	44.214
1761758197879682	46.824	44.110
1761758197886671	40.603	44.069
1761758197890327	57.469	43.741
1761758197893815	47.747	44.135
1761758197903512	44.662	44.725
1761758197913694	42.287	44.473
1761758197923843	39.472	43.694
1761758197939599	42.739	43.875
1761758197951338	42.503	42.832
1761758197961476	40.423	42.334
1761758197972530	39.036	41.953
1761758197988792	42.413	41.684
1761758198005717	47.034	42.299
1761758198013342	42.769	42.229
1761758198023518	40.854	42.053
1761758198034602	39.601	42.337
1761758198052556	45.617	43.043
1761758198061159	42.036	43.107
1761758198072278	40.745	42.635
1761758198087521	43.263	42.498
1761758198103078	46.096	42.105
1761758198112063	43.056	42.901
1761758198123287	42.309	42.716
1761758198134688	41.403	42.749
1761758198142982	36.925	42.704
1761758198166292	47.559	42.100
1761758198175035	43.772	41.632
1761758198185759	42.366	41.844
1761758198196056	40.290	41.909
1761758198205647	37.220	41.819
1761758198222809	41.418	41.977
1761758198238694	45.175	41.602
1761758198248428	42.965	41.808
1761758198258186	40.500	41.877
1761758198268659	38.507	42.084
1761758198286702	43.802	42.338
1761758198300972	45.835	42.351
1761758198310266	43.054	42.413
1761758198321770	42.366	42.483
1761758198331640	39.757	42.691
1761758198346241	41.551	42.667
1761758198363143	45.791	41.997
1761758198372997	43.669	42.028
1761758198383960	42.576	42.145
1761758198392052	38.270	42.061
1761758198403656	37.100	41.982
1761758198425299	46.150	41.849
1761758198435601	44.217	41.422
1761758198444942	41.528	41.442
1761758198454542	38.968	41.481
1761758198468342	40.216	41.737
1761758198482536	41.525	41.773
1761758198497090	43.869	41.175
1761758198508192	42.971	41.171
1761758198518191	40.831	41.354
1761758198527309	37.456	41.533
1761758198542870	40.166	41.343
1761758198559667	44.179	41.299
1761758198570836	43.358	41.343
1761758198580365	40.759	41.377
1761758198590283	38.320	41.368
1761758198605765	41.077	41.590
1761758198621521	44.311	41.256
1761758198632740	43.312	41.393
1761758198642165	40.745	41.349
1761758198653400	39.677	41.431
1761758198663079	36.825	42.238
1761758198684383	45.550	42.518
1761758198694124	42.918	42.336
1761758198704808	41.576	42.057
1761758198721513	46.391	41.869
1761758198731248	43.874	42.041
1761758198741939	42.488	42.893
1761758198752181	40.527	42.718
1761758198763015	38.862	42.583
1761758198778239	41.401	42.265
1761758198794796	45.345	41.809
1761758198805238	43.793	42.439
1761758198815113	41.576	43.323
1761758198824356	38.391	44.663
1761758198840648	41.834	45.247
1761758198861500	50.175	45.355
1761758198874904	51.330	45.238
1761758198889651	53.926	45.076
1761758198892808	44.695	44.981
1761758198903278	42.484	45.163
1761758198917863	44.178	44.608
1761758198927934	42.175	43.552
1761758198938399	40.620	42.834
1761758198950251	40.209	41.839
1761758198958939	36.290	41.395
1761758198974958	39.611	41.067
1761758198991568	44.147	40.897
1761758199003321	43.983	41.181
1761758199011777	40.250	41.506
1761758199023097	39.210	41.601
1761758199039067	42.478	41.975
1761758199054145	45.017	41.712
1761758199065012	43.864	42.015
1761758199074285	41.158	41.887
1761758199085550	40.035	42.064
1761758199095215	36.974	42.129
1761758199118036	47.186	41.586
1761758199125929	42.699	41.163
1761758199137235	42.016	41.125
1761758199147361	39.864	41.402
1761758199157186	37.050	41.444
1761758199173610	40.783	41.628
1761758199188566	43.486	41.062
1761758199200923	43.923	41.202
1761758199209594	40.462	41.203
1761758199220458	38.812	41.369
1761758199235941	41.523	41.682
1761758199251207	44.105	41.321
1761758199261079	42.022	41.423
1761758199272655	41.523	41.421
1761758199283623	40.182	41.706
1761758199293352	37.173	41.853
1761758199313300	44.503	41.603
1761758199324767	43.900	41.274
1761758199336169	43.312	41.563
1761758199345466	40.284	41.760
1761758199356760	39.022	41.783
1761758199371221	40.815	41.979
1761758199387767	44.919	41.870
1761758199398305	43.494	42.148
1761758199407325	40.413	42.072
1761758199418408	39.131	42.247
1761758199435499	43.408	42.300
1761758199451186	46.679	41.919
1761758199459239	42.551	41.493
1761758199470789	42.040	41.545
1761758199480571	39.545	41.788
1761758199490654	37.009	41.790
1761758199507156	40.657	41.290
1761758199522653	44.022	40.727
1761758199533503	42.842	40.912
1761758199542022	39.145	40.874
1761758199553871	38.410	40.928
1761758199569198	41.048	41.167
1761758199584701	44.403	41.255
1761758199594011	41.662	41.217
1761758199604650	40.086	41.156
1761758199616352	39.395	41.830
1761758199631219	41.540	42.586
1761758199645987	43.643	42.687
1761758199656514	42.228	42.328
1761758199672262	45.888	42.029
1761758199684811	45.970	42.319
1761758199693013	42.055	42.892
1761758199703884	40.808	43.016
1761758199714090	38.682	43.007
1761758199731023	42.985	42.698
1761758199745893	45.121	41.882
1761758199755516	42.778	41.631
1761758199768250	43.552	41.818
1761758199776090	39.137	41.892
1761758199787214	37.728	42.162
1761758199805691	43.468	41.936
1761758199818571	43.920	42.619
1761758199828149	41.551	43.130
1761758199840182	41.379	43.138
1761758199851948	40.727	43.290
1761758199876101	51.954	43.402
1761758199884397	47.888	42.678
1761758199892076	43.630	42.769
1761758199901182	40.655	42.969
1761758199911611	38.847	43.057
1761758199921527	36.231	43.728
1761758199942661	44.825	43.016
1761758199953688	43.558	42.569
1761758199964383	42.259	42.438
1761758199981491	47.437	42.220
1761758199991133	44.826	42.457
1761758200001767	43.417	43.296
1761758200012613	42.327	43.218
1761758200021189	38.469	43.002
1761758200036655	41.221	42.835
1761758200052788	44.620	41.827
1761758200064174	44.049	41.875
1761758200073609	41.399	41.790
1761758200085067	40.586	41.713
1761758200094598	37.356	41.867
1761758200115142	45.309	41.462
1761758200124469	42.561	41.014
1761758200135419	41.558	40.932
1761758200146077	40.012	41.024
1761758200155756	37.166	40.989
1761758200171468	40.144	41.163
1761758200187034	43.229	40.899
1761758200198110	42.322	41.301
1761758200208290	40.235	41.538
1761758200219545	39.091	41.751
1761758200236024	42.676	42.123
1761758200252280	46.575	42.390
1761758200261737	43.932	42.079
1761758200272101	42.136	42.120
1761758200283157	40.888	42.290
1761758200297733	42.816	42.354
1761758200307761	40.123	41.919
1761758200322438	42.726	41.276
1761758200333673	41.941	41.367
1761758200343804	39.723	41.521
1761758200354935	38.330	41.582
1761758200369500	40.145	41.211
1761758200386675	44.842	41.314
1761758200397449	43.673	41.624
1761758200407483	41.505	41.661
1761758200417575	39.101	41.754
1761758200432380	41.153	41.789
1761758200449461	45.830	41.438
1761758200457862	42.307	41.551
1761758200468314	40.652	41.515
1761758200478733	38.684	41.672
1761758200489270	36.630	41.867
1761758200511176	45.978	41.666
1761758200520722	43.311	41.196
1761758200532475	43.070	41.415
1761758200542790	41.052	41.648
1761758200553452	39.146	41.975
1761758200568199	41.132	42.260
1761758200583755	44.499	41.914
1761758200594232	42.974	42.236
1761758200605476	41.960	42.241
1761758200615436	39.478	42.280
1761758200631247	42.516	42.296
1761758200647862	46.536	41.905
1761758200656425	43.115	41.973
1761758200666739	41.440	42.090
1761758200676894	39.305	42.171
1761758200687454	37.228	42.293
1761758200707958	45.176	41.936
1761758200719262	44.149	41.464
1761758200729857	42.768	41.559
1761758200740157	40.699	41.609
1761758200750897	38.947	41.835
1761758200766606	41.814	42.022
1761758200781125	44.065	41.658
1761758200790952	41.938	41.799
1761758200802719	41.566	41.865
1761758200812736	39.095	42.375
1761758200827934	41.540	43.889
1761758200844662	45.560	44.670
1761758200854532	43.425	46.770
1761758200868980	45.804	48.003
1761758200889583	54.082	48.408
1761758200897864	49.625	48.707
1761758200900568	65.067	48.642
1761758200902506	54.267	47.989
1761758200906519	45.616	47.527
1761758200915077	42.086	47.481
1761758200925857	40.890	46.468
1761758200936221	39.029	45.616
1761758200948833	38.805	43.364
1761758200968103	45.341	41.806
1761758200979124	43.953	41.300
1761758200988206	41.102	41.416
1761758201001979	42.550	41.549
1761758201010565	38.693	41.823
1761758201025194	40.551	41.888
1761758201040156	43.247	41.617
1761758201051218	42.215	41.789
1761758201062874	41.775	42.038
1761758201072945	39.454	42.011
1761758201088869	42.630	42.157
1761758201104186	45.673	41.940
1761758201114321	43.587	41.722
1761758201125049	42.282	41.961
1761758201135181	40.156	42.033
1761758201145983	38.377	42.210
1761758201161575	41.071	41.821
1761758201177240	44.605	41.339
1761758201187153	42.494	41.349
1761758201198051	41.228	41.547
1761758201207952	38.737	41.613
1761758201222764	40.849	41.673
1761758201238089	43.691	41.292
1761758201250567	44.261	41.413
1761758201259054	40.814	41.610
1761758201269558	38.981	41.585
1761758201280645	37.258	42.142
1761758201301715	45.819	42.386
1761758201312830	44.461	41.982
1761758201322231	40.975	41.368
1761758201338088	44.310	41.495
1761758201349060	43.292	42.181
1761758201357559	39.648	42.848
1761758201368420	38.124	42.419
1761758201385219	42.083	42.041
1761758201401372	45.842	42.316
1761758201411392	43.929	42.005
1761758201421088	41.523	42.135
1761758201432556	40.684	42.652
1761758201447469	43.729	43.013
1761758201457095	41.194	42.874
1761758201472346	44.593	42.060
1761758201484708	44.823	41.900
1761758201493680	41.725	42.224
1761758201504937	40.701	42.326
1761758201514560	37.699	42.098
1761758201531846	42.331	41.919
1761758201546706	44.762	41.532
1761758201555616	41.703	41.504
1761758201567500	41.451	41.777
1761758201577838	39.405	41.972
1761758201591924	40.718	42.184
1761758201608154	44.544	42.146
1761758201620217	44.451	42.166
1761758201630581	42.656	42.398
1761758201640187	39.823	42.347
1761758201655004	41.951	42.324
1761758201670791	44.954	41.975
1761758201681861	44.022	41.613
1761758201690803	40.944	41.617
1761758201701354	39.175	41.617
1761758201712151	37.235	41.801
1761758201728487	40.916	41.436
1761758201744124	44.490	40.994
1761758201754271	42.657	41.081
1761758201765462	41.662	41.374
1761758201774576	38.301	41.608
1761758201789510	40.535	41.858
1761758201806403	44.896	41.690
1761758201817293	43.873	42.080
1761758201826997	41.514	43.321
1761758201837513	39.741	44.349
1761758201849714	39.235	45.065
1761758201871357	48.388	44.821
1761758201890302	55.065	44.359
1761758201899139	51.938	44.295
1761758201904829	45.465	44.360
1761758201909828	38.096	44.465
1761758201924809	40.272	44.434
1761758201940052	43.240	43.863
1761758201951036	42.156	43.123
1761758201961805	40.800	42.256
1761758201972288	38.921	41.858
1761758201988743	42.681	42.078
1761758202006532	47.665	41.887
1761758202014163	43.264	41.580
1761758202024465	41.486	41.669
1761758202035515	40.292	41.790
1761758202046150	38.365	41.880
1761758202060673	40.173	41.443
1761758202075676	43.046	40.843
1761758202086703	42.002	40.820
1761758202096661	39.827	41.092
1761758202107802	38.309	41.121
1761758202123869	41.671	41.193
1761758202137759	43.031	41.285
1761758202150889	44.207	41.487
1761758202159399	40.584	41.487
1761758202170224	39.082	41.705
1761758202185101	41.093	41.865
1761758202201482	45.063	41.397
1761758202210556	42.005	41.051
1761758202222623	42.004	41.057
1761758202232958	39.914	41.359
1761758202242567	36.985	41.464
1761758202258000	39.573	41.096
1761758202274804	44.270	40.816
1761758202286143	43.602	41.419
1761758202294868	40.132	41.576
1761758202304718	37.411	41.632
1761758202322322	42.268	41.917
1761758202340267	48.030	42.292
1761758202347738	43.579	42.531
1761758202356708	40.466	42.435
1761758202368479	39.840	42.693
1761758202384678	43.319	42.968
1761758202400756	46.664	42.543
1761758202408807	42.637	41.701
1761758202420803	42.715	41.837
1761758202430604	40.165	41.999
1761758202441038	38.016	42.502
1761758202455204	39.609	42.335
1761758202473051	44.944	41.852
1761758202483035	42.082	41.440
1761758202498363	44.865	41.311
1761758202507091	41.656	41.787
1761758202519385	41.829	42.400
1761758202528439	38.516	42.783
1761758202544155	41.423	42.265
1761758202560185	44.926	41.833
1761758202571359	44.152	41.546
1761758202582662	43.435	41.922
1761758202591298	39.765	41.970
1761758202601876	37.762	42.256
1761758202618967	41.994	42.043
1761758202634642	45.420	41.803
1761758202643512	42.309	41.935
1761758202654713	41.374	41.975
1761758202665176	39.295	42.312
1761758202681113	42.524	42.517
1761758202696363	45.474	42.603
1761758202706797	43.835	42.157
1761758202718176	43.135	42.228
1761758202727137	39.815	42.379
1761758202742758	42.845	42.522
1761758202753556	40.963	42.172
1761758202767679	43.021	41.807
1761758202779437	42.881	41.815
1761758202789346	40.725	41.854
1761758202800034	39.022	42.462
1761758202815482	41.833	43.073
1761758202830265	43.910	43.228
1761758202841836	43.520	43.584
1761758202856313	45.901	43.623
1761758202871667	48.953	43.660
1761758202877939	42.509	43.666
1761758202894539	46.586	43.309
1761758202903201	43.268	43.057
1761758202913040	41.097	43.292
1761758202923266	39.086	42.965
1761758202934922	38.260	42.270
1761758202950869	41.385	41.972
1761758202967667	45.875	40.993
1761758202976290	42.630	41.106
1761758202987693	41.999	41.436
1761758202997516	39.531	42.000
1761758203007460	36.800	42.203
1761758203027461	44.401	41.898
1761758203039672	44.394	41.510
1761758203052008	44.726	41.863
1761758203059805	40.286	41.991
1761758203070388	38.343	42.624
1761758203086881	41.992	43.477
1761758203102513	46.155	43.420
1761758203111523	43.284	43.079
1761758203126303	45.860	42.603
1761758203138579	45.325	42.238
1761758203149081	43.834	42.984
1761758203158361	40.990	43.036
1761758203169718	39.957	42.645
1761758203179257	36.641	42.521
1761758203200965	45.799	41.728
1761758203209614	42.511	41.192
1761758203221372	42.250	41.300
1761758203233430	42.048	41.515
1761758203241770	37.920	42.229
1761758203256500	39.973	42.983
1761758203273704	44.914	42.764
1761758203283861	43.138	42.564
1761758203299822	47.098	42.352
1761758203309237	44.181	42.445
1761758203320734	43.608	43.082
1761758203329770	40.512	43.444
1761758203341897	40.132	42.995
1761758203357508	42.973	42.620
1761758203371513	44.296	41.528
1761758203382777	43.587	41.725
1761758203391643	40.421	41.788
1761758203402924	39.390	42.034
1761758203412425	36.179	42.261
1761758203434908	46.155	41.905
1761758203445365	44.236	41.667
1761758203456042	42.974	41.771
1761758203467717	42.402	42.021
1761758203477196	39.407	42.061
1761758203492406	41.920	42.348
1761758203507522	44.630	41.917
1761758203517783	42.915	41.932
1761758203526876	39.794	41.868
1761758203538541	39.044	41.684
1761758203554197	41.850	41.675
1761758203569107	44.384	41.719
1761758203579198	42.331	41.867
1761758203589567	40.561	41.855
1761758203600619	39.324	42.123
1761758203616347	42.357	42.137
1761758203632881	46.113	41.743
1761758203641644	42.789	41.366
1761758203653400	42.474	41.604
1761758203662387	39.190	41.788
1761758203673732	37.908	41.807
1761758203689127	40.616	41.462
1761758203705690	44.706	40.917
1761758203715418	42.401	40.569
1761758203724635	39.516	40.423
1761758203736485	38.905	41.036
1761758203751124	40.668	41.643
1761758203762336	39.301	41.820
1761758203776884	41.015	41.252
1761758203793667	45.327	40.926
1761758203804255	43.972	41.593
1761758203814599	42.391	42.569
1761758203823553	39.022	44.860
1761758203836315	39.146	46.302
1761758203856214	46.181	49.056
1761758203870879	48.664	49.110
1761758203873617	63.584	50.683
1761758203887952	53.714	51.343
1761758203890773	68.558	51.261
1761758203892298	45.870	51.358
1761758203893942	59.704	51.069
1761758203895414	48.986	50.400
1761758203897111	38.202	48.261
1761758203911786	40.112	46.809
1761758203927238	43.301	44.186
1761758203937934	41.966	44.148
1761758203950303	42.201	42.712
1761758203959639	39.185	42.141
1761758203975394	42.335	42.369
1761758203991351	45.486	42.250
1761758204003321	45.349	42.143
1761758204013143	43.269	42.423
1761758204022611	40.487	42.368
1761758204033636	38.921	42.577
1761758204049639	42.227	42.266
1761758204064648	44.770	41.762
1761758204073481	41.649	41.651
1761758204085116	41.273	41.748
1761758204095469	39.234	41.838
1761758204109534	40.442	41.792
1761758204125743	44.234	41.435
1761758204137659	44.240	41.034
1761758204147010	41.395	41.441
1761758204156374	38.456	41.479
1761758204169253	38.656	41.723
1761758204184177	40.756	41.507
1761758204201308	45.726	41.065
1761758204209232	41.649	41.076
1761758204221461	41.681	41.272
1761758204230526	38.274	41.602
1761758204244796	39.819	41.638
1761758204261418	44.350	41.685
1761758204272465	43.351	41.606
1761758204282944	41.755	41.771
1761758204292641	39.020	41.807
1761758204307524	41.227	42.096
1761758204324030	44.935	41.918
1761758204334378	43.301	42.181
1761758204345167	42.034	42.246
1761758204356691	41.169	42.173
1761758204366219	38.037	42.287
1761758204387757	46.980	41.971
1761758204397217	44.001	41.515
1761758204406234	41.027	41.507
1761758204417729	40.156	41.520
1761758204428146	38.075	41.438
1761758204443033	40.375	41.423
1761758204458219	43.213	40.795
1761758204469087	42.168	40.808
1761758204479427	40.349	41.063
1761758204489375	37.889	41.097
1761758204504961	40.697	41.156
1761758204520695	44.130	41.394
1761758204532331	43.576	41.624
1761758204541368	40.500	41.674
1761758204551798	38.661	41.846
1761758204568589	42.759	42.135
1761758204584191	45.516	41.765
1761758204593357	42.660	41.333
1761758204604794	42.071	41.349
1761758204615851	40.780	41.647
1761758204624538	36.998	41.931
1761758204640102	39.810	41.648
1761758204656501	43.730	41.333
1761758204668235	43.484	41.119
1761758204678441	41.503	40.661
1761758204689248	39.930	41.198
1761758204704601	42.362	41.825
1761758204715233	40.521	42.120
1761758204725098	37.494	41.626
1761758204746385	46.149	40.997
1761758204755459	43.267	41.021
1761758204767025	42.757	41.458
1761758204775368	38.793	41.448
1761758204786382	37.197	41.556
1761758204803928	41.742	41.715
1761758204818661	44.302	41.479
1761758204828680	42.254	42.235
1761758204840305	41.603	42.629
1761758204850318	39.082	42.811
1761758204867932	43.788	42.867
1761758204887138	50.828	42.765
1761758204895031	46.700	42.690
1761758204901111	40.610	42.691
1761758204910635	37.761	42.778
1761758204926328	40.723	42.887
1761758204941826	43.552	42.386
1761758204952467	42.259	41.872
1761758204964689	42.474	41.511
1761758204974724	40.177	41.588
1761758204986000	38.778	41.879
1761758205005583	45.681	41.712
1761758205015361	43.097	41.451
1761758205025702	41.375	41.727
1761758205037164	40.673	41.823
1761758205048011	39.051	41.922
1761758205062753	40.944	41.977
1761758205079024	45.022	41.634
1761758205089472	43.431	41.894
1761758205099218	41.168	42.145
1761758205109684	39.331	42.150
1761758205125306	42.246	42.178
1761758205141058	45.699	41.982
1761758205151494	43.881	41.686
1761758205160357	40.725	41.784
1761758205171258	39.333	41.844
1761758205183498	38.988	41.996
1761758205199353	42.059	41.532
1761758205213747	44.406	41.138
1761758205223077	41.776	41.233
1761758205234317	40.850	41.605
1761758205243450	37.601	41.886
1761758205260327	41.757	41.871
1761758205276077	44.840	41.516
1761758205287651	44.441	41.770
1761758205297340	42.140	42.057
1761758205306360	38.842	42.249
1761758205318662	38.508	42.780
1761758205339733	46.943	42.464
1761758205349533	44.644	42.086
1761758205359679	42.779	42.071
1761758205371981	42.902	42.246
1761758205380169	38.603	42.624
1761758205395324	41.060	42.675
1761758205410976	44.284	42.256
1761758205422540	43.899	42.058
1761758205433384	42.623	41.743
1761758205442225	39.014	41.622
1761758205457992	42.756	42.123
1761758205470104	42.659	42.312
1761758205479441	39.634	42.199
1761758205494209	41.689	41.733
1761758205508827	43.615	41.369
1761758205520111	42.942	42.048
1761758205532300	43.158	42.240
1761758205540695	39.243	42.162
1761758205553096	38.983	42.228
1761758205572598	45.805	41.939
1761758205583801	44.669	41.813
1761758205592962	41.880	42.007
1761758205603600	40.296	41.910
1761758205614619	38.800	42.172
1761758205631035	42.355	42.214
1761758205645850	44.878	41.776
1761758205655063	42.191	41.661
1761758205666957	41.867	41.921
1761758205676920	39.396	41.993
1761758205691662	41.426	41.984
1761758205706463	43.525	41.489
1761758205719428	44.474	41.582
1761758205728123	41.017	41.663
1761758205738173	38.712	41.635
1761758205749579	37.408	41.743
1761758205770498	45.805	41.448
1761758205779776	42.996	41.103
1761758205790315	41.590	40.990
1761758205801453	40.480	41.475
1761758205812053	38.471	42.984
1761758205826354	40.081	45.071
1761758205842115	43.342	45.414
1761758205856603	45.868	45.565
1761758205876592	53.799	45.657
1761758205893437	58.273	45.663
1761758205897139	49.242	45.767
1761758205904815	44.501	45.403
1761758205915007	42.515	45.096
1761758205925017	40.539	44.935
1761758205936323	39.514	43.832
1761758205945836	36.440	42.138
1761758205962408	40.265	41.096
1761758205978565	44.258	40.759
1761758205989100	42.776	40.943
1761758205999779	41.326	41.330
1761758206009803	38.824	41.483
1761758206024833	41.131	42.255
1761758206040666	44.357	42.667
1761758206052654	44.413	42.432
1761758206061338	41.040	42.028
1761758206076216	44.159	41.730
1761758206088373	44.383	42.430
1761758206097929	41.913	42.796
1761758206107061	38.735	42.620
1761758206119385	38.346	42.263
1761758206139558	45.827	41.990
1761758206150886	44.789	41.760
1761758206160642	42.591	41.736
1761758206171191	40.843	41.809
1761758206181190	38.314	42.150
1761758206197614	41.859	42.163
1761758206212149	44.145	41.782
1761758206222547	42.646	41.859
1761758206234181	42.140	42.059
1761758206242823	38.478	42.287
1761758206258918	42.013	42.541
1761758206274839	45.561	42.321
1761758206286016	44.589	42.164
1761758206296593	43.128	42.340
1761758206306485	40.850	42.373
1761758206317788	39.661	42.709
1761758206333561	42.574	42.440
1761758206347591	44.405	41.961
1761758206357716	42.473	41.901
1761758206369120	41.840	41.913
1761758206378927	39.322	42.636
1761758206393127	40.767	43.122
1761758206409002	43.994	43.075
1761758206420320	43.245	42.894
1761758206437291	48.079	42.642
1761758206446215	44.522	42.783
1761758206455909	42.106	43.275
1761758206468563	42.587	43.575
1761758206478232	39.963	43.502
1761758206494173	43.246	43.278
1761758206507988	44.242	42.460
1761758206519627	43.771	42.140
1761758206531086	43.254	42.432
1761758206541181	41.015	42.442
1761758206552684	39.891	42.566
1761758206566814	41.328	42.072
1761758206582567	45.020	41.829
1761758206592244	42.688	42.029
1761758206602968	41.206	42.199
1761758206612437	38.300	42.322
1761758206628693	41.813	42.255
1761758206645205	45.772	41.921
1761758206656353	44.953	42.004
1761758206665758	42.253	42.204
1761758206675051	39.218	42.239
1761758206686650	37.986	42.571
1761758206706953	45.855	42.245
1761758206718044	44.679	41.639
1761758206727029	41.561	41.428
1761758206739370	41.620	41.484
1761758206748850	38.549	41.687
1761758206762928	39.712	41.811
1761758206778173	42.846	41.316
1761758206790261	42.817	41.309
1761758206800728	41.247	41.754
1761758206811122	39.227	42.788
1761758206825510	40.897	43.319
1761758206841488	44.617	45.140
1761758206854907	46.007	45.881
1761758206872974	51.966	45.892
1761758206877133	43.852	45.765
1761758206878937	57.929	46.119
1761758206883530	50.249	46.157
1761758206888886	42.931	45.732
1761758206898582	39.980	44.909
1761758206913418	42.759	43.801
1761758206923966	41.282	43.967
1761758206935222	40.369	42.656
1761758206945064	37.773	41.826
1761758206960865	40.887	41.684
1761758206978032	45.514	41.408
1761758206989314	44.811	41.668
1761758206998444	41.958	41.927
1761758207010263	41.509	42.007
1761758207018676	37.219	42.200
1761758207039316	45.356	41.786
1761758207050111	43.869	41.179
1761758207059429	41.174	40.996
1761758207070301	39.707	41.121
1761758207080008	36.742	41.087
1761758207095563	39.443	41.139
1761758207111182	42.981	40.688
1761758207123388	43.212	40.651
1761758207133515	41.163	40.805
1761758207142651	37.748	40.828
1761758207158498	40.842	41.032
1761758207173844	43.502	41.260
1761758207185051	42.709	41.393
1761758207194536	39.940	41.302
1761758207205718	38.778	41.272
1761758207221375	41.723	41.492
1761758207236602	44.310	41.052
1761758207246599	42.300	40.677
1761758207257216	40.868	40.717
1761758207268510	39.948	40.906
1761758207277482	36.439	40.989
1761758207293382	39.758	40.588
1761758207309077	43.110	40.346
1761758207319776	41.829	40.570
1761758207329708	39.602	40.906
1761758207340243	37.713	41.258
1761758207357172	41.898	41.562
1761758207372146	44.533	41.836
1761758207383946	44.225	41.441
1761758207395313	43.475	41.517
1761758207403634	39.472	41.706
1761758207419271	42.501	41.964
1761758207428778	39.161	41.456
1761758207444257	42.591	41.033
1761758207455231	41.486	40.503
1761758207466328	40.294	40.305
1761758207475432	36.822	40.843
1761758207491140	40.301	40.906
1761758207502164	38.928	41.377
1761758207517350	41.497	41.178
1761758207533531	44.854	40.891
1761758207543833	43.123	41.087
1761758207556550	43.870	41.841
1761758207565532	40.609	42.251
1761758207576059	38.609	42.429
1761758207592390	42.262	42.228
1761758207606648	44.360	41.970
1761758207618696	44.394	42.067
1761758207627193	40.715	41.938
1761758207638492	39.484	42.049
1761758207654191	42.273	42.189
1761758207668583	44.091	42.173
1761758207679051	42.584	42.144
1761758207690451	41.721	41.913
1761758207701143	40.010	41.938
1761758207716088	42.099	41.801
1761758207730558	44.067	41.712
1761758207740768	42.083	41.863
1761758207751737	40.967	41.996
1761758207761296	38.119	42.056
1761758207777232	41.383	42.007
1761758207794313	45.600	42.293
1761758207804689	43.913	42.224
1761758207815144	42.323	43.407
1761758207824643	39.518	44.022
1761758207842709	44.957	46.537
1761758207853959	43.376	47.957
1761758207876543	53.914	48.130
1761758207881819	47.117	47.746
1761758207885899	63.270	47.552
1761758207890280	55.578	47.949
1761758207894224	47.333	47.610
1761758207899399	40.078	47.499
1761758207912399	40.382	45.942
1761758207928061	43.484	45.322
1761758207938156	41.570	43.485
1761758207950969	42.264	42.382
1761758207959405	38.339	41.896
1761758207974727	40.925	41.938
1761758207991188	44.897	41.770
1761758208003033	44.546	41.660
1761758208012957	42.476	41.930
1761758208023267	40.496	41.805
1761758208034067	38.706	42.087
1761758208050575	42.386	41.933
1761758208064595	44.267	41.677
1761758208073315	41.015	41.674
1761758208085555	41.154	41.858
1761758208096327	39.385	42.014
1761758208111995	42.335	42.067
1761758208126416	44.517	42.070
1761758208138298	44.320	42.238
1761758208148200	42.056	42.459
1761758208157740	39.235	42.458
1761758208173622	42.417	42.583
1761758208189931	45.947	42.850
1761758208199301	43.225	42.716
1761758208209233	41.144	42.327
1761758208221016	40.638	42.105
1761758208237265	45.004	42.321
1761758208247471	43.174	42.481
1761758208256945	40.434	42.053
1761758208268836	39.831	41.928
1761758208283158	41.392	41.748
1761758208298038	44.023	41.945
1761758208307719	41.660	41.959
1761758208320206	41.977	42.013
1761758208330077	39.349	42.197
1761758208346047	42.603	42.172
1761758208361342	45.151	41.932
1761758208371860	43.711	41.992
1761758208382498	42.270	42.273
1761758208392120	39.579	42.203
1761758208404238	38.998	42.251
1761758208422417	44.627	41.829
1761758208434617	44.462	42.034
1761758208443460	41.275	42.267
1761758208454384	39.836	42.345
1761758208465528	38.377	42.656
1761758208486929	47.208	42.682
1761758208498088	46.039	42.349
1761758208507070	43.053	42.272
1761758208518777	42.683	42.544
1761758208527726	39.265	42.726
1761758208542626	41.295	42.782
1761758208557362	43.687	42.215
1761758208569821	43.998	42.074
1761758208579564	41.651	42.172
1761758208589117	38.937	42.126
1761758208604362	41.541	42.245
1761758208620312	44.628	42.074
1761758208631739	44.038	41.877
1761758208641874	42.220	41.899
1761758208652353	40.458	42.523
1761758208664071	39.581	43.103
1761758208678963	41.719	43.272
1761758208694037	44.216	42.976
1761758208709804	47.892	42.629
1761758208719504	44.739	42.239
1761758208730020	43.231	42.334
1761758208740484	41.663	42.813
1761758208751701	40.570	42.950
1761758208762088	38.326	42.676
1761758208777878	41.404	41.757
1761758208792917	44.368	41.413
1761758208803721	43.089	41.466
1761758208814252	41.483	42.237
1761758208823853	38.695	43.241
1761758208839125	41.300	44.508
1761758208854165	43.760	44.628
1761758208871744	49.375	44.688
1761758208885041	50.608	44.636
1761758208897668	50.995	44.594
1761758208902060	42.605	44.666
1761758208916977	44.971	44.252
1761758208926900	42.564	43.893
1761758208937400	41.067	43.376
1761758208948040	39.414	42.699
1761758208958335	37.165	41.606
1761758208974281	40.168	41.218
1761758208990516	44.199	40.839
1761758209002137	43.838	41.043
1761758209010555	40.073	41.414
1761758209021701	38.724	41.670
1761758209036785	41.175	42.050
1761758209052451	44.602	42.269
1761758209064744	44.783	42.028
1761758209074059	41.972	42.090
1761758209085234	40.963	42.340
1761758209099268	42.361	42.651
1761758209111432	41.792	42.347
1761758209126217	44.454	42.136
1761758209136380	42.578	42.130
1761758209147874	41.830	42.161
1761758209156731	38.139	42.059
1761758209173725	42.484	41.907
1761758209188480	44.726	41.892
1761758209198015	42.287	41.959
1761758209207872	39.936	42.091
1761758209221207	40.844	42.032
1761758209234679	41.647	42.326
1761758209250561	45.122	42.376
1761758209261428	43.898	41.785
1761758209270826	41.236	41.786
1761758209283057	41.085	41.951
1761758209297671	42.983	41.780
1761758209306332	38.810	41.397
1761758209321910	42.297	40.896
1761758209333227	41.592	40.891
1761758209343015	39.127	40.990
1761758209354207	37.816	40.959
1761758209369241	40.117	40.704
1761758209385494	43.847	41.082
1761758209395898	42.224	41.370
1761758209406585	40.779	41.526
1761758209418607	40.428	41.794
1761758209433493	42.598	42.134
1761758209448725	45.170	42.379
1761758209458707	43.153	42.536
1761758209469491	41.806	42.614
1761758209481228	41.215	42.907
1761758209495431	42.574	42.892
1761758209510752	45.412	42.555
1761758209520585	43.002	42.275
1761758209533275	43.710	42.360
1761758209542200	40.285	42.439
1761758209553675	39.224	42.417
1761758209569719	42.373	42.060
1761758209583444	44.003	41.683
1761758209594102	42.595	41.890
1761758209604751	40.988	41.728
1761758209615286	39.006	41.768
1761758209630636	41.639	41.731
1761758209646681	45.080	41.772
1761758209655645	42.089	41.307
1761758209666506	40.679	41.321
1761758209677137	38.854	41.713
1761758209694032	42.783	42.233
1761758209703140	39.362	42.197
1761758209719582	42.732	41.849
1761758209734277	44.905	41.396
1761758209745536	44.209	42.008
1761758209754630	41.282	42.415
1761758209767285	41.595	42.346
1761758209775818	37.561	42.485
1761758209797657	46.794	42.068
1761758209806133	42.927	42.143
1761758209817261	42.096	43.350
1761758209828063	40.753	47.062
1761758209838344	38.560	48.479
1761758209858299	45.655	49.600
1761758209881202	56.278	48.878
1761758209891044	78.400	48.721
1761758209892743	55.763	49.046
1761758209897936	48.774	49.177
1761758209901100	39.574	49.465
1761758209915557	41.358	48.805
1761758209932204	45.349	46.919
1761758209941028	42.061	43.160
1761758209952411	41.441	42.256
1761758209962360	39.054	41.910
1761758209973471	37.416	42.082
1761758209989427	40.812	42.378
1761758210007738	46.717	42.692
1761758210020021	45.317	43.057
1761758210030554	41.294	43.249
1761758210046544	44.315	44.062
1761758210063196	48.494	44.617
1761758210073215	45.712	44.669
1761758210083384	43.363	44.532
1761758210100081	47.178	44.324
1761758210108474	42.965	44.254
1761758210119807	41.334	43.773
1761758210136386	45.352	43.116
1761758210146293	43.230	42.295
1761758210156045	40.597	42.000
1761758210167597	39.510	41.209
1761758210182930	41.917	41.065
1761758210191360	37.500	40.764
1761758210207379	40.416	40.345
1761758210219010	39.273	40.507
1761758210234386	41.519	40.736
1761758210244019	38.328	41.332
1761758210259743	41.160	41.472
1761758210275973	44.854	41.989
1761758210286402	42.886	42.057
1761758210301681	45.465	41.905
1761758210311498	43.319	42.438
1761758210322850	42.666	43.045
1761758210333638	41.102	43.328
1761758210342925	37.751	42.973
1761758210364705	46.844	42.592
1761758210374594	44.402	42.312
1761758210386191	43.994	42.179
1761758210395586	41.299	42.249
1761758210405951	39.083	42.264
1761758210421585	42.664	43.089
1761758210433264	41.986	42.848
1761758210446562	43.370	43.218
1761758210456466	41.246	43.187
1761758210473285	46.006	43.287
1761758210484026	44.431	43.855
1761758210500053	48.102	43.794
1761758210508336	43.687	43.649
1761758210519455	42.296	43.292
1761758210534879	44.758	43.388
1761758210544537	42.057	42.753
1761758210555223	40.538	42.573
1761758210566892	39.797	41.805
1761758210582203	42.208	41.207
1761758210592565	39.658	40.929
1761758210608513	42.625	40.698
1761758210619192	40.427	40.714
1761758210629338	37.702	40.684
1761758210644157	39.516	40.358
1761758210659254	42.452	40.576
1761758210671108	42.218	40.929
1761758210681592	40.234	40.911
1761758210690770	36.538	40.745
1761758210711375	44.395	41.220
1761758210722224	43.183	41.390
1761758210733636	42.442	41.027
1761758210742366	38.766	41.006
1761758210758085	42.453	40.923
1761758210768969	41.224	41.682
1761758210778844	38.820	41.530
1761758210794755	42.008	41.175
1761758210805062	39.405	40.732
1761758210821870	44.121	41.882
1761758210832723	42.882	42.679
1761758210841791	39.632	43.086
1761758210852976	38.006	43.545
1761758210878001	50.271	43.560
1761758210890738	50.419	44.147
1761758210898630	45.293	44.046
1761758210909323	43.417	44.392
1761758210920043	42.151	44.901
1761758210935235	45.277	45.480
1761758210945413	43.111	45.183
1761758210961032	46.342	44.508
1761758210972174	44.724	44.141
1761758210983753	43.796	44.307
1761758211000217	47.297	44.154
1761758211009103	43.671	43.989
1761758211020102	41.621	43.842
1761758211036230	45.081	43.123
1761758211044764	40.623	42.933
1761758211060447	43.625	42.526
1761758211071561	41.643	41.976
1761758211081771	39.150	41.587
1761758211098528	42.827	41.724
1761758211108250	39.722	41.168
1761758211123443	41.800	41.232
1761758211134229	39.773	40.819
1761758211150486	42.999	40.878
1761758211159868	39.521	41.611
1761758211174613	41.257	41.522
1761758211185840	39.502	41.630
1761758211201611	42.231	42.044
1761758211218602	46.475	42.477
1761758211226097	41.937	42.381
1761758211237181	40.807	42.485
1761758211254112	45.942	43.265
1761758211264634	44.099	44.243
1761758211274706	42.039	45.029
1761758211285508	40.561	46.646
1761758211305894	49.055	47.791
1761758211318283	49.280	48.115
1761758211330939	50.094	47.780
1761758211331646	62.643	47.281
1761758211334235	53.390	46.765
1761758211336938	44.047	47.170
1761758211347489	42.594	46.600
1761758211356288	39.109	45.657
1761758211366873	36.875	44.938
1761758211387438	44.610	42.838
1761758211398677	43.358	41.453
1761758211408178	39.853	40.803
1761758211423797	42.897	40.543
1761758211434501	41.645	41.084
1761758211444609	39.540	41.803
1761758211455093	37.548	41.865
1761758211470482	39.996	41.776
1761758211487413	44.514	42.019
1761758211499361	44.066	42.424
1761758211513279	45.232	42.528
1761758211522894	42.465	42.734
1761758211534846	42.285	42.968
1761758211551419	46.944	42.655
1761758211559286	42.691	42.232
1761758211570270	41.599	41.748
1761758211580822	39.887	41.418
1761758211590358	36.866	41.757
1761758211606075	40.286	41.765
1761758211617490	39.225	41.264
1761758211633042	41.929	41.503
1761758211649439	45.854	41.573
1761758211658164	42.368	42.297
1761758211669896	41.932	43.134
1761758211684910	45.082	43.429
1761758211694349	42.303	43.529
1761758211711393	47.129	43.228
1761758211721960	45.232	42.826
1761758211732111	43.233	43.175
1761758211741318	40.225	43.293
1761758211752565	38.926	42.886
1761758211768362	41.831	42.572
1761758211785161	45.856	41.544
1761758211794437	43.109	41.582
1761758211804469	41.012	42.136
1761758211815002	39.166	42.923
1761758211825456	36.848	44.450
1761758211846830	45.612	44.955
1761758211861959	48.770	44.520
1761758211873354	48.105	44.695
1761758211891933	54.186	44.839
1761758211896560	46.890	45.541
1761758211903269	41.502	46.727
1761758211918501	44.855	47.919
1761758211928304	42.460	49.048
1761758211944364	46.180	49.516
1761758211959950	48.706	48.628
1761758211981816	57.536	49.069
1761758211996782	60.056	49.480
1761758212002011	52.785	49.798
1761758212007436	45.310	50.035
1761758212025765	51.305	50.129
1761758212032164	45.605	50.077
1761758212046631	48.037	48.740
1761758212055606	44.833	47.171
1761758212070187	47.114	46.155
1761758212083953	48.193	45.557
1761758212092445	44.163	44.723
1761758212105491	44.369	44.236
1761758212116327	42.620	43.878
1761758212125959	39.328	43.509
1761758212142191	42.967	42.788
1761758212152985	40.740	42.217
1761758212169323	44.452	42.390
1761758212179051	41.148	42.200
1761758212190555	39.905	42.582
1761758212206250	42.473	43.192
1761758212222373	45.898	43.232
1761758212230859	42.465	43.832
1761758212246983	46.439	43.719
1761758212258421	45.432	43.835
1761758212268870	43.370	43.782
1761758212285023	46.736	43.633
1761758212294027	43.327	43.609
1761758212305137	42.302	43.702
1761758212314625	39.376	43.290
1761758212329061	40.988	42.704
1761758212346561	45.655	42.080
1761758212356361	43.395	41.856
1761758212367433	42.321	41.918
1761758212377014	39.570	41.905
1761758212387412	37.130	42.091
1761758212407510	44.492	41.984
1761758212418970	43.949	41.478
1761758212429234	42.174	40.819
1761758212440561	41.240	41.184
1761758212451944	39.914	41.745
1761758212465743	40.591	42.478
1761758212474765	36.813	42.670
1761758212496814	45.967	42.630
1761758212508434	45.185	43.194
1761758212519757	44.456	43.635
1761758212533626	46.413	43.992
1761758212543028	43.543	44.453
1761758212559630	47.822	45.203
1761758212570103	45.646	44.827
1761758212580345	43.485	44.211
1761758212595023	45.195	43.548
1761758212606573	44.318	42.915
1761758212616455	42.209	42.970
1761758212625686	39.020	42.953
1761758212637164	37.830	42.293
1761758212652394	40.079	41.631
1761758212668632	44.098	41.036
1761758212684414	47.653	40.291
1761758212688561	39.038	40.528
1761758212699420	36.871	40.931
1761758212714306	39.245	41.263
1761758212724701	36.872	41.615
1761758212745308	44.573	41.212
1761758212756388	43.056	40.771
1761758212767475	41.148	41.068
1761758212782627	43.596	41.897
1761758212792219	40.070	42.156
1761758212808053	43.245	43.387
1761758212819773	42.002	44.475
1761758212835649	45.166	45.368
1761758212844353	41.829	45.461
1761758212863992	49.181	45.175
1761758212882795	55.457	45.075
1761758212892301	51.990	44.335
1761758212894934	42.071	44.097
1761758212906582	40.744	43.597
1761758212917419	39.064	43.529
1761758212927063	35.842	42.944
1761758212943228	39.630	41.529
1761758212956452	40.163	40.683
1761758212970342	41.153	40.775
1761758212985225	43.327	40.850
1761758212996175	41.303	41.303
1761758213011059	43.537	41.947
1761758213022480	42.984	42.071
1761758213033224	41.496	41.845
1761758213047074	43.599	41.889
1761758213057787	42.278	41.646
1761758213068567	40.866	41.436
1761758213078195	37.911	41.155
1761758213093785	41.591	40.686
1761758213105351	40.897	40.777
1761758213116055	39.203	40.380
1761758213130433	40.724	40.489
1761758213140845	38.293	40.331
1761758213158051	42.405	40.673
1761758213168047	39.631	40.512
1761758213184827	43.372	40.668
1761758213193589	39.278	41.422
1761758213208537	41.339	41.641
1761758213220149	39.980	42.429
1761758213235620	42.455	42.654
1761758213252595	46.746	42.853
1761758213260867	42.915	43.068
1761758213276272	46.169	43.446
1761758213287310	44.659	43.563
1761758213296705	41.615	43.463
1761758213313219	45.519	43.035
1761758213323171	43.063	42.359
1761758213334623	42.513	41.914
1761758213343464	38.980	41.388
1761758213355333	38.167	41.287
1761758213370056	39.986	41.496
1761758213381327	38.467	41.108
1761758213396560	40.911	40.595
1761758213411629	43.644	40.677
1761758213423608	43.706	41.180
1761758213433716	41.646	41.693
1761758213442352	37.930	41.784
1761758213460327	43.335	42.406
1761758213473502	44.011	42.737
1761758213484995	43.298	43.117
1761758213494758	40.891	43.148
1761758213510497	44.685	43.108
1761758213522196	44.228	43.794
1761758213537637	47.444	43.898
1761758213546853	44.017	44.204
1761758213556605	41.242	44.282
1761758213572941	44.790	44.350
1761758213585015	44.378	44.278
1761758213600760	47.062	43.968
1761758213610370	44.081	43.230
1761758213620842	41.576	42.851
1761758213635792	43.961	42.867
1761758213644907	41.128	42.735
1761758213656142	40.060	42.444
1761758213668816	40.230	42.184
1761758213682964	41.400	42.124
1761758213697454	43.477	42.024
1761758213707817	41.463	41.562
1761758213723527	44.469	41.190
1761758213734886	43.480	41.085
1761758213744092	40.571	40.837
1761758213755318	39.342	40.740
1761758213765944	37.412	40.250
1761758213780498	39.003	40.134
1761758213791944	37.751	39.608
1761758213807660	40.430	40.403
1761758213818451	38.578	40.987
1761758213833220	40.301	43.663
1761758213844843	39.216	45.499
1761758213870081	51.430	46.247
1761758213877671	46.404	46.323
1761758213884760	66.109	46.328
1761758213887039	55.772	46.354
1761758213890792	46.480	45.941
1761758213895378	38.505	46.585
1761758213910279	40.480	45.721
1761758213921160	38.847	45.239
1761758213931409	36.162	42.778
1761758213953654	45.663	41.652
1761758213962802	42.793	41.251
1761758213973651	41.577	41.933
1761758213985870	41.500	42.420
1761758214000797	44.513	43.404
1761758214010999	42.472	44.330
1761758214025629	45.320	44.233
1761758214037831	45.349	44.546
1761758214053431	48.687	44.692
1761758214062793	45.430	44.628
1761758214074485	44.685	44.559
1761758214088685	45.925	44.543
1761758214098392	43.038	44.640
1761758214109356	40.859	44.495
1761758214124877	43.821	43.969
1761758214135605	42.318	43.468
1761758214151588	46.287	42.788
1761758214161500	43.896	42.150
1761758214173159	43.434	42.216
1761758214182548	40.422	42.384
1761758214192638	37.885	42.593
1761758214207141	39.538	42.553
1761758214223845	43.697	41.917
1761758214235905	42.547	41.240
1761758214251837	45.904	40.832
1761758214259868	41.924	40.646
1761758214270157	39.923	40.955
1761758214280021	37.129	40.826
1761758214295328	39.350	40.553
1761758214307080	38.559	40.641
1761758214322498	40.978	40.401
1761758214332465	38.250	40.418
1761758214348098	40.970	40.286
1761758214362984	43.423	40.718
1761758214375258	43.500	41.252
1761758214386046	42.099	41.780
1761758214394923	38.605	41.857
1761758214410585	41.441	42.597
1761758214426236	44.698	43.066
1761758214437592	43.838	43.482
1761758214447686	41.746	43.686
1761758214463417	45.647	43.648
1761758214475604	45.661	44.237
1761758214489759	47.588	44.375
1761758214500425	45.533	43.861
1761758214509079	41.724	43.873
1761758214524629	44.497	43.912
1761758214535411	42.822	43.663
1761758214545154	39.549	43.217
1761758214562159	43.959	42.989
1761758214573434	42.136	42.963
1761758214587164	43.161	43.486
1761758214598206	41.199	43.488
1761758214615055	45.314	43.428
1761758214626902	45.273	43.948
1761758214640626	46.948	43.921
1761758214650581	44.521	43.896
1761758214660659	42.219	43.534
1761758214675934	44.751	43.849
1761758214686871	43.693	43.584
1761758214697227	41.878	42.995
1761758214707362	39.546	42.104
1761758214724119	44.348	41.765
1761758214734662	42.664	41.374
1761758214743802	39.385	40.963
1761758214755311	38.034	40.635
1761758214770827	41.133	40.761
1761758214780700	38.313	40.887
1761758214795259	40.640	40.832
1761758214807563	40.407	41.478
1761758214822335	43.140	42.391
1761758214832314	40.802	43.144
1761758214847100	43.801	43.173
1761758214864542	49.127	43.777
1761758214876043	48.516	43.946
1761758214885393	45.558	43.851
1761758214894137	41.429	43.791
1761758214909645	44.352	43.898
1761758214920042	42.326	43.626
1761758214930080	39.462	42.576
1761758214945700	42.535	42.308
1761758214957059	41.870	42.063
1761758214968844	41.089	42.525
1761758214979155	38.623	42.591
1761758214999518	45.834	42.511
1761758215009078	43.112	42.641
1761758215024207	46.047	42.766
1761758215035703	45.008	42.637
1761758215044796	41.534	42.377
1761758215056920	40.755	42.649
1761758215072287	43.784	42.093
1761758215081230	40.580	42.009
1761758215091599	38.498	41.924
1761758215107291	41.338	41.647
1761758215119180	40.275	41.611
1761758215134141	42.270	42.018
1761758215150014	45.200	41.860
1761758215159116	42.235	41.938
1761758215170254	41.172	42.062
1761758215185767	44.832	41.595
1761758215195482	42.196	42.130
1761758215206570	41.362	42.193
1761758215217325	39.741	41.934
1761758215226828	36.666	42.188
1761758215248457	45.629	42.192
1761758215258239	42.896	42.216
1761758215270953	42.609	42.394
1761758215285736	44.782	42.998
1761758215294247	41.205	43.406
1761758215310074	45.073	44.056
1761758215321342	43.973	44.013
1761758215337199	47.409	44.108
1761758215346352	43.818	45.153
1761758215358177	43.167	45.475
1761758215373037	45.194	46.804
1761758215384140	43.850	47.124
1761758215405522	53.057	46.779
1761758215412965	48.009	46.288
1761758215432275	54.492	45.856
1761758215439057	48.274	45.992
1761758215444188	40.519	45.645
1761758215459139	42.498	45.499
1761758215469080	39.499	44.185
1761758215487122	44.527	43.634
1761758215497256	41.726	41.954
1761758215510956	42.392	41.614
1761758215521231	39.912	41.745
1761758215536936	42.497	41.448
1761758215545011	37.694	41.833
1761758215565303	44.876	41.471
1761758215575099	41.829	41.267
1761758215585908	39.533	40.792
1761758215601895	43.347	40.931
1761758215611578	40.904	40.569
1761758215622595	39.687	41.105
1761758215633216	37.640	40.851
1761758215649112	41.299	40.548
1761758215659235	38.886	40.698
1761758215675514	43.046	40.399
1761758215686953	42.337	40.017
1761758215695871	38.801	40.563
1761758215711019	41.033	41.067
1761758215722817	40.359	41.529
1761758215732670	37.086	41.616
1761758215753588	45.143	41.568
1761758215763229	42.684	41.834
1761758215778543	45.913	42.249
1761758215785347	39.755	42.741
1761758215801162	42.573	43.337
1761758215815958	44.992	44.361
1761758215826315	42.952	45.417
1761758215842148	45.956	45.899
1761758215854903	46.321	45.892
1761758215868018	47.321	46.323
1761758215888326	55.703	46.315
1761758215892257	47.502	45.795
1761758215902916	45.841	45.369
1761758215913725	44.068	45.017
1761758215924402	42.496	44.311
1761758215933926	39.790	43.831
1761758215945351	38.693	42.093
1761758215962002	42.432	41.437
1761758215971618	39.261	40.907
1761758215987930	42.522	40.790
1761758215996639	38.327	40.520
1761758216012339	40.936	40.675
1761758216024854	40.545	40.718
1761758216040208	42.903	40.733
1761758216050013	39.788	40.795
1761758216064577	41.342	40.997
1761758216075268	39.126	41.286
1761758216091762	42.583	41.406
1761758216101936	39.877	41.785
1761758216119628	44.545	41.848
1761758216129221	41.216	42.675
1761758216143135	42.138	43.033
1761758216158247	44.328	43.582
1761758216169481	43.540	43.521
1761758216186226	48.058	43.340
1761758216195651	44.922	43.189
1761758216207478	44.617	43.296
1761758216217043	41.973	43.595
1761758216225711	38.064	43.359
1761758216242860	43.037	43.490
1761758216254418	42.280	43.052
1761758216269206	45.131	43.278
1761758216278625	41.966	43.276
1761758216294329	44.850	43.660
1761758216305670	43.678	44.305
1761758216322021	47.184	44.252
1761758216331490	44.592	44.060
1761758216344963	45.821	44.050
1761758216356211	44.511	44.201
1761758216366635	42.511	43.904
1761758216376615	40.356	43.567
1761758216393062	45.036	43.295
1761758216403533	43.474	43.029
1761758216413990	41.877	43.069
1761758216424854	40.308	43.000
1761758216440885	44.461	43.055
1761758216450464	41.933	43.392
1761758216466720	46.219	43.157
1761758216476746	43.829	43.105
