1761586715697988	57.227000
1761586715995962	302.377000
1761586716033354	283.701000
1761586716095505	289.060000
1761586716165246	302.991000
1761586716218862	300.433000
1761586716269788	294.757000
1761586716321298	289.128000
1761586716376766	288.581000
1761586716468251	324.679000
1761586716519961	321.244000
1761586716571244	317.649000
1761586716623055	313.301000
1761586716701299	335.360000
1761586716748986	326.558000
1761586716804394	325.931000
1761586716904248	369.306000
1761586716934530	343.488000
1761586716938777	291.468000
1761586716943196	242.828000
1761586716945083	189.035000
1761586716946845	78.915000
1761586716951676	195.628000
1761586716953636	85.706000
1761586716965193	45.108000
1761586717013626	42.037000
1761586717014818	94.733000
1761586717015533	43.944000
1761586717064893	41.830000
1761586717116951	42.351000
1761586717165534	39.392000
1761586717167506	92.906000
1761586717168190	42.048000
1761586717219554	41.922000
1761586717221131	94.989000
1761586717227510	49.878000
1761586717270391	41.280000
1761586717321693	41.036000
1761586717372144	39.980000
1761586717424966	41.274000
1761586717479567	44.413000
1761586717532531	45.468000
1761586717581639	42.916000
1761586717585366	98.303000
1761586717586078	47.355000
1761586717629900	39.646000
1761586717681803	40.008000
1761586717734714	41.442000
1761586717783545	38.591000
1761586717834010	37.516000
1761586717886191	38.191000
1761586717937640	38.115000
1761586717988035	37.007000
1761586718040308	37.764000
1761586718096133	42.094000
1761586718144988	39.418000
1761586718198417	41.355000
1761586718198554	92.984000
1761586718198577	41.515000
1761586718256201	47.627000
1761586718300571	40.506000
1761586718349297	37.707000
1761586718399946	36.807000
1761586718452139	37.477000
1761586718452635	89.496000
1761586718454513	39.851000
1761586718502651	36.488000
1761586718557547	39.873000
1761586718609272	40.119000
1761586718664191	43.515000
1761586718712514	40.340000
1761586718766339	42.633000
1761586718818315	42.822000
1761586718867020	39.892000
1761586718918329	39.689000
1761586718970161	40.046000
1761586719020608	38.926000
1761586719072735	39.553000
1761586719127712	43.000000
1761586719176268	39.984000
1761586719177147	92.435000
1761586719177639	41.355000
1761586719232134	44.326000
1761586719280842	41.551000
1761586719333928	43.093000
1761586719382092	39.706000
1761586719384414	93.579000
1761586719384586	42.200000
1761586719433841	39.924000
1761586719485886	40.441000
1761586719538776	41.749000
1761586719587703	39.177000
1761586719639792	39.835000
1761586719694732	43.309000
1761586719747400	44.437000
1761586719799240	44.729000
1761586719852284	46.085000
1761586719900636	42.739000
1761586719954957	45.324000
1761586720006460	44.993000
1761586720054841	41.573000
1761586720112158	47.025000
1761586720165258	48.352000
1761586720216017	47.278000
1761586720271478	51.071000
1761586720276374	107.635000
1761586720276935	56.528000
1761586720277482	108.743000
1761586720278008	57.601000
1761586720316633	44.426000
1761586720368745	44.776000
1761586720422111	46.476000
1761586720475429	48.190000
1761586720527158	48.239000
1761586720579189	48.650000
1761586720584510	105.591000
1761586720587135	56.596000
1761586720628017	45.769000
1761586720683363	49.467000
1761586720683482	101.234000
1761586720685653	51.757000
1761586720737040	51.459000
1761586720785407	48.157000
1761586720834851	45.991000
1761586720835916	98.666000
1761586720836606	47.746000
1761586720892133	51.246000
1761586720939191	46.489000
1761586720990444	45.887000
1761586721044034	47.782000
1761586721100218	52.231000
1761586721146921	47.068000
1761586721148469	100.482000
1761586721152590	52.737000
1761586721202388	50.792000
1761586721250062	46.461000
1761586721305867	49.461000
1761586721355370	46.757000
1761586721409055	48.388000
1761586721462813	50.042000
1761586721516072	51.271000
1761586721566141	49.401000
1761586721618922	50.292000
1761586721668628	48.024000
1761586721720057	47.586000
1761586721770177	45.823000
1761586721823529	47.291000
1761586721879568	51.505000
1761586721930069	50.052000
1761586721985784	53.561000
1761586722038736	54.325000
1761586722087226	50.670000
1761586722137842	48.802000
1761586722194761	53.125000
1761586722248374	54.317000
1761586722297929	51.559000
1761586722352688	54.217000
1761586722405201	54.602000
1761586722460147	57.420000
1761586722510733	55.863000
1761586722562153	55.213000
1761586722612180	53.042000
1761586722662760	51.386000
1761586722715979	52.393000
1761586722767751	51.835000
1761586722818512	50.229000
1761586722819339	103.423000
1761586722822314	54.031000
1761586722872672	51.974000
1761586722926157	52.046000
1761586722987143	59.000000
1761586723048769	67.742000
1761586723050038	121.895000
1761586723051353	70.326000
1761586723053609	125.466000
1761586723058736	77.709000
1761586723091830	58.038000
1761586723146141	59.667000
1761586723149490	115.698000
1761586723151470	64.996000
1761586723205318	66.329000
1761586723254631	62.116000
1761586723260863	121.874000
1761586723261053	68.538000
1761586723301198	56.079000
1761586723357356	59.079000
1761586723411960	60.569000
1761586723461477	57.263000
1761586723514454	57.717000
1761586723572151	63.019000
1761586723622681	60.997000
1761586723667908	53.548000
1761586723729339	62.234000
1761586723778408	58.434000
1761586723832990	60.112000
1761586723882690	57.143000
1761586723936168	57.968000
1761586723988131	57.639000
1761586724047168	63.830000
1761586724096653	60.619000
1761586724150382	61.591000
1761586724199504	57.658000
1761586724255706	60.445000
1761586724259179	117.333000
1761586724261682	66.421000
1761586724311803	63.390000
1761586724364035	62.414000
1761586724415581	61.145000
1761586724471741	64.521000
1761586724522590	62.751000
1761586724575662	63.122000
1761586724626605	61.259000
1761586724680941	62.399000
1761586724731506	59.678000
1761586724789558	64.580000
1761586724844357	66.631000
1761586724893145	62.606000
1761586724945965	62.737000
1761586724997787	62.297000
1761586725060156	71.461000
1761586725111183	69.290000
1761586725160534	65.351000
1761586725215944	67.564000
1761586725271154	69.297000
1761586725327424	71.593000
1761586725378527	69.021000
1761586725434047	71.273000
1761586725486729	69.020000
1761586725541499	68.623000
1761586725595445	67.008000
1761586725647861	64.453000
1761586725713295	74.170000
1761586725761102	66.312000
1761586725761743	122.618000
1761586725765865	71.075000
1761586725817743	67.982000
1761586725873758	68.491000
1761586725929234	68.395000
1761586725980649	64.781000
1761586726037662	69.242000
1761586726094400	70.155000
1761586726155211	75.184000
1761586726209564	74.702000
1761586726261478	70.928000
1761586726319879	74.009000
1761586726374851	74.020000
1761586726428881	72.903000
1761586726485813	74.481000
1761586726543368	76.997000
1761586726592890	71.524000
1761586726651815	75.034000
1761586726709243	76.933000
1761586726757860	70.472000
1761586726818343	75.342000
1761586726871795	73.169000
1761586726927855	74.116000
1761586726985550	76.442000
1761586727037805	73.298000
1761586727095430	75.234000
1761586727149932	74.346000
1761586727201765	70.865000
1761586727268707	81.912000
1761586727314480	72.456000
1761586727379569	82.193000
1761586727428543	75.835000
1761586727481612	73.691000
1761586727533365	70.326000
1761586727596853	77.975000
1761586727648582	73.309000
1761586727714163	83.582000
1761586727763244	76.915000
1761586727812742	71.307000
1761586727879543	82.602000
1761586727928382	75.970000
1761586727983671	75.981000
1761586728043907	80.862000
1761586728100051	81.080000
1761586728146884	72.516000
1761586728211427	81.735000
1761586728266555	80.999000
1761586728313825	73.312000
1761586728379222	83.780000
1761586728433476	82.484000
1761586728478734	72.729000
1761586728540597	79.443000
1761586728600392	83.306000
1761586728645368	73.506000
1761586728707612	80.571000
1761586728765963	83.495000
1761586728817134	79.305000
1761586728872532	79.311000
1761586728931377	82.277000
1761586728982228	78.064000
1761586729044357	84.727000
1761586729096291	81.072000
1761586729149835	78.762000
1761586729208253	80.955000
1761586729261676	79.334000
1761586729314847	76.747000
1761586729375987	82.690000
1761586729430461	82.110000
1761586729486199	82.411000
1761586729536996	78.142000
1761586729596934	82.307000
1761586729648421	78.897000
1761586729712600	87.440000
1761586729762529	82.227000
1761586729813635	78.056000
1761586729866890	75.616000
1761586729928763	82.176000
1761586729980009	77.871000
1761586730043205	85.863000
1761586730094319	81.994000
1761586730147712	79.350000
1761586730205093	80.336000
1761586730258794	78.521000
1761586730312917	76.662000
1761586730365132	73.717000
1761586730427847	81.440000
1761586730479221	77.116000
1761586730531433	74.224000
1761586730590155	77.626000
1761586730647873	79.659000
1761586730702088	78.586000
1761586730760627	81.281000
1761586730812994	78.234000
1761586730864255	74.320000
1761586730923329	78.000000
1761586730982973	81.725000
1761586731029413	73.120000
1761586731091152	79.602000
1761586731146499	79.548000
1761586731197849	76.448000
1761586731255107	81.325000
1761586731303570	77.358000
1761586731357946	79.258000
1761586731410973	76.580000
1761586731468142	78.771000
1761586731524959	80.130000
1761586731583580	83.336000
1761586731629194	73.934000
1761586731689648	79.125000
1761586731743970	77.377000
1761586731801163	79.518000
1761586731857800	80.611000
1761586731911256	77.328000
1761586731968973	79.846000
1761586732026001	80.790000
1761586732083448	82.357000
1761586732137611	81.164000
1761586732195599	83.718000
1761586732249662	82.512000
1761586732299276	76.905000
1761586732356129	78.060000
1761586732415401	82.422000
1761586732467695	79.543000
1761586732527969	84.275000
1761586732578181	79.234000
1761586732634836	80.407000
1761586732692929	82.432000
1761586732738755	73.305000
1761586732807405	86.573000
1761586732851373	75.316000
1761586732909728	78.569000
1761586732966771	79.887000
1761586733024599	82.127000
1761586733076324	78.555000
1761586733136490	82.820000
1761586733188783	79.936000
1761586733248910	84.120000
1761586733293888	73.573000
1761586733353983	78.148000
1761586733407298	76.256000
1761586733459342	73.257000
1761586733517344	75.898000
1761586733574908	77.755000
1761586733625453	73.181000
1761586733686009	78.449000
1761586733741279	78.010000
1761586733798732	80.493000
1761586733853228	79.634000
1761586733905342	76.282000
1761586733957847	73.711000
1761586734018037	78.392000
1761586734077699	82.600000
1761586734122472	72.355000
1761586734183573	78.006000
1761586734236502	75.239000
1761586734289489	73.208000
1761586734350939	78.497000
1761586734412498	83.725000
1761586734463676	79.401000
1761586734525855	85.907000
1761586734576575	81.123000
1761586734630552	79.820000
1761586734689885	83.234000
1761586734735008	73.192000
1761586734798729	81.430000
1761586734856482	82.998000
1761586734910759	82.203000
1761586734970647	86.417000
1761586735022024	82.322000
1761586735075921	80.872000
1761586735133700	82.969000
1761586735186778	81.023000
1761586735240429	79.194000
1761586735299034	82.046000
1761586735350783	78.665000
1761586735406006	77.703000
1761586735464243	80.475000
1761586735516690	77.398000
1761586735580108	84.257000
1761586735629678	78.350000
1761586735690199	83.510000
1761586735734502	72.640000
1761586735802710	85.229000
1761586735848321	75.510000
1761586735907311	79.082000
1761586735960810	77.108000
1761586736017068	78.053000
1761586736078612	83.764000
1761586736124643	74.281000
1761586736183388	77.767000
1761586736236798	75.959000
1761586736294418	78.420000
1761586736349530	77.847000
1761586736406810	82.300000
1761586736451224	74.274000
1761586736511573	82.255000
1761586736562257	80.563000
1761586736621378	84.286000
1761586736669089	76.887000
1761586736727395	79.774000
1761586736785417	81.254000
1761586736839236	79.694000
1761586736899216	84.333000
1761586736948975	78.938000
1761586737010583	85.084000
1761586737055466	74.573000
1761586737114600	78.184000
1761586737173341	81.270000
1761586737226459	79.287000
1761586737281763	79.036000
1761586737339515	81.508000
1761586737391937	78.603000
1761586737450184	80.994000
1761586737502288	77.632000
1761586737563272	82.228000
1761586737615236	78.750000
1761586737669917	78.084000
1761586737728270	81.264000
1761586737782467	79.988000
1761586737835019	77.000000
1761586737887788	74.554000
1761586737940673	72.428000
1761586738002889	79.286000
1761586738055626	76.032000
1761586738113895	79.228000
1761586738168064	77.574000
1761586738220660	74.768000
1761586738273086	72.058000
1761586738333256	76.798000
1761586738386636	74.016000
1761586738446637	78.944000
1761586738509565	85.642000
1761586738554825	75.345000
1761586738613640	79.092000
1761586738670062	80.208000
1761586738729101	83.216000
1761586738778405	77.447000
1761586738835749	79.349000
1761586738898130	85.706000
1761586738945879	78.521000
1761586739006125	83.119000
1761586739058286	80.194000
1761586739119716	86.209000
1761586739171305	82.757000
1761586739224101	80.072000
1761586739282696	82.423000
1761586739333373	78.078000
1761586739396969	86.008000
1761586739446846	80.669000
1761586739506939	85.393000
1761586739557636	80.222000
1761586739612517	79.821000
1761586739671012	82.579000
1761586739722652	78.973000
1761586739777177	77.849000
1761586739829703	74.943000
1761586739889955	80.009000
1761586739941965	76.153000
1761586739994785	73.885000
1761586740054253	77.880000
1761586740117451	85.655000
1761586740165845	78.757000
1761586740221594	78.826000
1761586740273494	75.485000
1761586740326168	72.919000
1761586740387581	79.065000
1761586740440694	76.724000
1761586740498725	79.915000
1761586740552881	78.758000
1761586740606268	76.298000
1761586740658538	73.493000
1761586740718362	78.254000
1761586740772514	76.875000
1761586740825072	74.194000
1761586740885343	79.119000
1761586740946499	84.825000
1761586740990238	73.239000
1761586741051351	79.014000
1761586741114548	86.817000
1761586741156539	73.541000
1761586741217600	79.263000
1761586741278545	84.121000
1761586741323207	73.696000
1761586741383935	79.169000
1761586741447998	87.577000
1761586741488384	73.206000
1761586741542065	71.825000
1761586741603600	78.121000
1761586741657284	76.279000
1761586741715896	79.796000
1761586741778220	86.380000
1761586741829679	82.686000
1761586741883292	80.933000
1761586741940379	82.340000
1761586741993612	80.524000
1761586742052063	83.194000
1761586742103995	80.103000
1761586742165233	85.700000
1761586742216182	81.386000
1761586742277046	86.531000
1761586742329618	83.085000
1761586742382482	80.393000
1761586742440603	82.616000
1761586742493814	80.722000
1761586742553519	84.670000
1761586742603505	79.525000
1761586742664330	84.769000
1761586742707713	73.105000
1761586742767618	77.549000
1761586742818840	73.622000
1761586742879099	78.539000
1761586742938645	82.699000
1761586742990571	78.883000
1761586743050050	82.802000
1761586743094325	71.851000
1761586743155884	78.125000
1761586743214367	81.709000
1761586743263841	75.730000
1761586743324704	81.021000
1761586743377428	77.984000
1761586743432498	76.973000
1761586743488066	77.503000
1761586743542524	76.045000
1761586743599774	78.263000
1761586743654338	77.101000
1761586743707129	74.772000
1761586743765031	77.599000
1761586743820073	76.787000
1761586743877990	79.627000
1761586743934874	81.330000
1761586743985588	76.053000
1761586744043698	79.135000
1761586744098996	78.704000
1761586744151279	75.219000
1761586744204845	73.695000
1761586744264947	78.206000
1761586744317425	75.373000
1761586744370547	73.457000
1761586744431469	78.969000
1761586744484167	76.040000
1761586744541110	77.945000
1761586744598006	79.157000
1761586744598999	135.834000
1761586744602099	83.250000
1761586744651874	77.731000
1761586744709482	79.055000
1761586744766095	79.535000
1761586744815999	74.199000
1761586744873423	75.820000
1761586744929923	76.589000
1761586744985864	77.229000
1761586745048827	84.318000
1761586745094435	74.666000
1761586745151609	76.488000
1761586745211111	79.845000
1761586745264923	78.831000
1761586745320016	79.093000
1761586745372795	76.178000
1761586745429580	77.607000
1761586745485229	78.367000
1761586745538469	75.880000
1761586745597613	79.976000
1761586745649329	76.209000
1761586745705101	76.954000
1761586745768041	84.108000
1761586745814170	75.007000
1761586745871824	77.318000
1761586745932864	81.840000
1761586745982975	76.805000
1761586746039811	78.426000
1761586746093994	76.800000
1761586746160359	88.092000
1761586746206902	79.326000
1761586746259784	79.892000
1761586746311346	75.833000
1761586746369181	78.320000
1761586746425863	79.074000
1761586746486457	84.118000
1761586746536283	78.540000
1761586746591945	78.519000
1761586746648886	79.276000
1761586746701669	76.523000
1761586746764957	83.606000
1761586746815159	78.264000
1761586746871880	79.384000
1761586746929735	81.567000
1761586746977301	74.080000
1761586747047393	88.841000
1761586747088879	74.916000
1761586747146729	77.662000
1761586747202165	77.478000
1761586747255700	74.955000
1761586747313496	77.478000
1761586747376291	84.551000
1761586747427179	80.254000
1761586747485512	83.131000
1761586747536715	78.998000
1761586747590360	77.174000
1761586747650885	81.589000
1761586747698519	74.195000
1761586747765450	85.724000
1761586747813248	77.725000
1761586747867850	76.825000
1761586747930190	83.195000
1761586747973529	71.421000
1761586748038823	81.373000
1761586748089040	76.226000
1761586748145558	77.536000
1761586748203826	79.783000
1761586748253548	74.017000
1761586748312477	77.819000
1761586748371163	80.265000
1761586748425112	78.737000
1761586748482043	80.200000
1761586748537886	79.836000
1761586748591010	77.892000
1761586748646950	78.409000
1761586748703617	79.434000
1761586748758162	78.495000
1761586748814581	79.345000
1761586748868589	77.141000
1761586748925378	78.584000
1761586748989200	86.557000
1761586749041473	83.526000
1761586749094808	81.461000
1761586749150204	80.870000
1761586749201909	77.504000
1761586749264790	85.067000
1761586749313554	78.895000
1761586749366634	76.403000
1761586749428294	82.318000
1761586749479801	78.697000
1761586749536144	79.614000
1761586749593992	82.086000
1761586749645584	78.478000
1761586749708522	85.916000
1761586749759200	81.079000
1761586749810902	76.744000
1761586749874530	84.524000
1761586749927395	81.995000
1761586749982145	80.997000
1761586750034608	78.130000
1761586750089973	78.040000
1761586750144430	77.376000
1761586750208898	86.433000
1761586750262460	84.764000
1761586750315867	82.364000
1761586750366377	77.546000
1761586750425226	80.435000
1761586750478676	78.311000
1761586750542089	86.323000
1761586750591967	80.729000
1761586750646104	79.449000
1761586750704931	83.082000
1761586750755501	78.533000
1761586750813030	79.883000
1761586750867426	79.172000
1761586750920946	76.842000
1761586750976931	77.762000
1761586751035955	80.529000
1761586751081120	70.721000
1761586751148598	82.771000
1761586751198479	77.424000
1761586751257704	80.734000
1761586751311720	79.354000
1761586751365379	77.341000
1761586751427555	84.296000
1761586751482103	83.474000
1761586751529367	75.389000
1761586751586653	77.322000
1761586751640247	75.097000
1761586751695398	75.223000
1761586751750546	74.762000
1761586751802747	71.883000
1761586751862763	76.507000
1761586751915044	73.336000
1761586751978463	81.309000
1761586752028421	75.737000
1761586752084926	76.983000
1761586752145536	82.029000
1761586752195581	77.038000
1761586752257000	83.513000
1761586752311037	81.842000
1761586752362039	77.823000
1761586752425563	85.757000
1761586752478200	83.186000
1761586752534289	82.972000
1761586752585962	79.607000
1761586752646482	84.871000
1761586752696530	79.242000
1761586752750202	77.601000
1761586752810732	82.285000
1761586752862458	78.753000
1761586752922873	83.221000
1761586752977938	83.328000
1761586753031552	81.291000
1761586753083703	78.412000
1761586753143506	82.135000
1761586753187543	71.124000
1761586753266335	94.612000
1761586753299313	72.290000
1761586753360848	78.166000
1761586753412602	74.275000
1761586753470836	77.501000
1761586753530769	81.647000
1761586753583271	79.034000
1761586753644694	84.644000
1761586753692947	77.750000
1761586753747070	76.324000
1761586753806674	80.347000
1761586753863976	82.201000
1761586753910556	73.608000
1761586753969642	77.280000
1761586754026818	79.148000
1761586754082005	77.547000
1761586754143203	83.640000
1761586754195413	80.462000
1761586754261233	90.675000
1761586754301648	75.443000
1761586754362610	79.849000
1761586754415851	77.535000
1761586754477701	83.688000
1761586754529508	80.099000
1761586754584093	78.505000
1761586754645396	84.538000
1761586754691853	75.875000
1761586754748293	77.261000
1761586754811883	85.065000
1761586754858398	76.173000
1761586754916647	79.083000
1761586754977463	84.188000
1761586755018934	70.666000
1761586755089618	85.945000
1761586755132495	73.530000
1761586755195794	81.017000
1761586755249918	79.513000
1761586755251453	136.676000
1761586755257553	87.148000
1761586755296310	70.940000
1761586755360748	79.745000
1761586755412685	76.361000
1761586755468341	76.940000
1761586755528018	80.908000
1761586755581351	78.847000
1761586755642172	84.107000
1761586755693132	79.772000
1761586755749867	80.417000
1761586755801577	77.050000
1761586755861918	81.724000
1761586755911155	75.893000
1761586755966134	74.866000
1761586756027633	81.266000
1761586756079534	77.796000
1761586756135913	78.337000
1761586756195526	82.550000
1761586756242718	74.284000
1761586756299672	75.439000
1761586756350150	70.840000
1761586756411673	77.015000
1761586756465187	75.100000
1761586756516158	70.933000
1761586756579272	78.633000
1761586756630443	74.389000
1761586756633648	133.009000
1761586756635276	79.222000
1761586756686255	74.923000
1761586756744901	78.072000
1761586756798620	76.680000
1761586756858109	80.278000
1761586756909578	76.596000
1761586756963812	75.772000
1761586757020373	76.470000
1761586757073446	74.371000
1761586757129734	75.326000
1761586757183714	73.087000
1761586757244970	78.780000
1761586757295816	73.355000
1761586757347930	70.560000
1761586757412279	79.215000
1761586757462257	73.719000
1761586757519869	76.389000
1761586757578227	79.022000
1761586757629645	75.274000
1761586757688331	78.561000
1761586757741369	75.730000
1761586757798380	77.365000
1761586757851744	74.853000
1761586757904343	72.370000
1761586757962750	75.365000
1761586758016339	73.625000
1761586758068357	70.457000
1761586758129514	76.123000
1761586758181691	72.866000
1761586758242300	78.043000
1761586758295012	75.000000
1761586758354959	79.695000
1761586758414758	84.142000
1761586758476133	90.131000
1761586758520825	79.396000
1761586758578046	81.312000
1761586758633649	81.074000
1761586758685378	77.817000
1761586758747992	84.842000
1761586758798429	80.128000
1761586758853015	79.688000
1761586758911859	82.684000
1761586758963179	78.896000
1761586759026495	86.867000
1761586759079827	84.627000
1761586759127670	77.456000
1761586759193392	87.361000
1761586759245525	84.049000
1761586759294946	78.176000
1761586759351994	79.438000
1761586759407143	79.278000
1761586759465067	81.450000
1761586759516261	77.673000
1761586759572143	77.996000
1761586759629340	79.392000
1761586759681164	75.752000
1761586759743827	82.682000
1761586759795432	79.022000
1761586759846109	74.699000
1761586759904323	77.912000
1761586759961728	79.184000
1761586760014807	77.336000
1761586760070248	76.814000
1761586760129168	80.792000
1761586760189087	85.252000
1761586760231796	72.750000
1761586760292725	77.953000
1761586760352617	81.930000
1761586760406442	80.217000
1761586760465520	83.319000
1761586760513027	75.746000
1761586760569058	76.853000
1761586760627675	79.681000
1761586760682444	79.091000
1761586760738830	80.050000
1761586760795934	81.944000
1761586760845874	76.795000
1761586760901244	76.231000
1761586760961752	81.319000
1761586761012846	77.186000
1761586761075594	84.008000
1761586761127532	80.768000
1761586761180290	77.743000
1761586761238648	80.151000
1761586761293033	78.905000
1761586761348764	79.234000
1761586761401641	76.243000
1761586761462216	81.484000
1761586761512282	76.112000
1761586761576094	83.737000
1761586761627589	80.231000
1761586761683647	80.315000
1761586761735393	77.127000
1761586761795614	81.507000
1761586761846181	77.038000
1761586761907270	81.845000
1761586761953719	73.332000
1761586762012356	76.814000
1761586762072350	81.533000
1761586762124476	78.111000
1761586762181079	78.964000
1761586762236558	79.016000
1761586762300409	87.070000
1761586762339685	71.318000
1761586762400885	77.083000
1761586762453491	74.155000
1761586762512962	78.633000
1761586762574215	84.415000
1761586762625053	79.805000
1761586762680401	79.644000
1761586762737875	81.481000
1761586762790857	79.202000
1761586762846406	78.866000
1761586762901509	78.940000
1761586762962666	83.816000
1761586763014785	80.826000
1761586763067123	77.487000
1761586763128008	82.777000
1761586763179772	79.513000
1761586763231833	75.539000
1761586763290630	79.292000
1761586763350883	84.103000
1761586763401065	79.107000
1761586763462045	83.884000
1761586763511511	78.257000
1761586763564718	76.474000
1761586763628741	84.805000
1761586763676573	77.503000
1761586763741180	86.249000
1761586763782884	72.827000
1761586763844681	79.306000
1761586763903801	82.401000
1761586763954931	78.496000
1761586764014023	81.996000
1761586764066272	78.617000
1761586764128506	84.226000
1761586764178911	79.332000
1761586764242740	87.517000
1761586764288465	77.874000
1761586764344310	78.420000
1761586764404791	82.986000
1761586764456002	79.050000
1761586764514512	81.755000
1761586764562661	74.480000
1761586764627880	84.283000
1761586764673717	74.875000
1761586764732515	78.296000
1761586764785458	75.152000
1761586764844145	79.058000
1761586764903666	83.111000
1761586764947698	71.945000
1761586765011538	80.255000
1761586765062961	76.276000
1761586765118540	76.528000
1761586765178627	80.449000
1761586765230278	76.819000
1761586765292079	82.934000
1761586765335413	71.217000
1761586765396161	76.627000
1761586765449211	74.004000
1761586765513854	82.863000
1761586765569495	82.536000
1761586765619422	77.325000
1761586765681672	83.786000
1761586765732858	79.751000
1761586765795966	86.601000
1761586765844877	80.403000
1761586765897973	78.204000
1761586765960154	84.857000
1761586766011305	81.000000
1761586766070317	84.474000
1761586766121614	80.399000
1761586766178137	80.871000
1761586766233322	80.349000
1761586766286425	78.128000
1761586766346752	82.952000
1761586766397856	79.219000
1761586766461528	87.243000
1761586766510058	80.482000
1761586766563463	78.290000
1761586766615641	75.251000
1761586766674177	79.051000
1761586766729451	78.706000
1761586766784221	77.939000
1761586766841103	79.346000
1761586766896281	78.509000
1761586766951661	78.047000
1761586767004885	75.387000
1761586767062233	77.971000
1761586767116318	76.085000
1761586767177389	82.154000
1761586767233744	83.060000
1761586767296109	90.467000
1761586767338753	77.688000
1761586767394602	77.626000
1761586767448370	76.260000
1761586767512522	84.358000
1761586767556501	73.314000
1761586767616597	77.802000
1761586767676986	82.235000
1761586767730997	80.052000
1761586767787790	81.307000
1761586767841538	79.401000
1761586767901492	83.037000
1761586767949655	76.240000
1761586768005841	76.708000
1761586768063417	79.215000
1761586768117960	78.310000
1761586768179859	84.624000
1761586768229348	79.116000
1761586768288417	82.749000
1761586768338396	77.596000
1761586768395932	79.276000
1761586768451699	80.054000
1761586768505547	78.411000
1761586768558528	75.685000
1761586768614961	76.845000
1761586768678621	84.208000
1761586768728547	78.862000
1761586768790887	85.373000
1761586768840850	80.138000
1761586768896344	80.139000
1761586768952870	80.926000
1761586769006956	79.683000
1761586769062813	80.053000
1761586769116415	78.473000
1761586769180108	86.341000
1761586769222152	73.129000
1761586769279261	76.977000
1761586769345500	87.092000
1761586769394535	81.118000
1761586769446771	77.643000
1761586769505125	80.198000
1761586769559320	78.902000
1761586769611979	75.849000
1761586769670027	78.461000
1761586769724590	77.669000
1761586769779046	77.250000
1761586769844319	86.356000
1761586769883838	70.781000
1761586769952414	83.894000
1761586769996349	72.861000
1761586770062015	83.230000
1761586770111900	77.554000
1761586770166897	77.493000
1761586770224016	79.134000
1761586770278849	78.348000
1761586770334257	78.441000
1761586770395288	83.563000
1761586770444965	77.857000
1761586770505826	82.568000
1761586770548951	70.680000
1761586770616994	82.654000
1761586770666966	77.598000
1761586770724348	79.525000
1761586770780051	79.344000
1761586770833604	77.331000
1761586770894643	82.673000
1761586770942763	75.628000
1761586771000389	77.924000
1761586771061230	83.390000
1761586771111473	78.616000
1761586771173512	85.163000
1761586771216785	73.201000
1761586771277193	78.090000
1761586771335776	80.564000
1761586771381712	71.444000
1761586771450033	84.371000
1761586771495300	74.097000
1761586771554249	77.905000
1761586771614449	82.480000
1761586771662323	75.230000
1761586771734186	91.706000
1761586771778921	80.376000
1761586771832154	78.613000
1761586771896201	87.322000
1761586771943781	79.337000
1761586771998131	78.370000
1761586772059857	84.254000
1761586772110447	79.700000
1761586772164344	78.030000
1761586772224499	82.418000
1761586772278551	81.176000
1761586772280618	138.537000
1761586772282908	85.533000
1761586772334879	81.619000
1761586772380771	72.561000
1761586772444818	81.282000
1761586772501630	81.631000
1761586772554950	79.601000
1761586772612637	81.438000
1761586772658792	72.488000
1761586772720034	78.472000
1761586772778083	80.834000
1761586772828963	76.268000
1761586772882638	74.322000
1761586772934179	71.075000
1761586772995552	77.108000
1761586773046827	73.345000
1761586773107474	78.747000
1761586773162788	78.476000
1761586773218284	79.185000
1761586773271813	76.860000
1761586773325821	75.709000
1761586773381858	76.572000
1761586773436696	75.611000
1761586773490718	74.415000
1761586773548012	76.278000
1761586773599471	72.481000
1761586773660031	76.868000
1761586773713735	75.060000
1761586773764787	71.138000
1761586773824467	76.330000
1761586773888038	84.203000
1761586773940907	81.912000
1761586773992171	77.387000
1761586774055402	85.324000
1761586774106598	81.388000
1761586774164626	83.855000
1761586774215566	79.285000
1761586774272389	80.661000
1761586774331537	83.781000
1761586774382821	80.054000
1761586774442924	84.346000
1761586774494518	80.580000
1761586774547330	77.889000
1761586774607653	82.241000
1761586774656710	76.304000
1761586774720849	84.590000
1761586774772734	81.341000
1761586774826543	79.093000
1761586774881532	78.644000
1761586774942365	83.642000
1761586774991223	77.267000
1761586775045416	76.057000
1761586775108816	83.328000
1761586775159286	78.429000
1761586775216693	80.204000
1761586775268994	77.502000
1761586775328994	81.775000
1761586775378932	76.551000
1761586775433806	75.606000
1761586775492930	79.212000
1761586775546170	76.897000
1761586775607425	82.728000
1761586775659684	80.016000
1761586775717402	82.144000
1761586775767106	76.834000
1761586775826777	80.263000
1761586775880340	78.588000
1761586775935892	77.809000
1761586775992927	79.413000
1761586776045691	76.906000
1761586776098598	74.049000
1761586776159831	80.324000
1761586776212362	77.586000
1761586776271673	80.469000
1761586776314715	68.048000
1761586776361907	60.089000
1761586776417704	60.434000
1761586776477147	64.811000
1761586776527521	60.176000
1761586776584996	62.300000
1761586776638527	61.062000
1761586776693269	60.712000
1761586776748724	61.265000
1761586776801743	59.651000
1761586776858603	61.237000
1761586776916212	64.686000
1761586776979481	72.588000
1761586777028839	66.977000
1761586777090886	73.226000
1761586777139479	66.637000
1761586777195728	67.373000
1761586777257424	73.999000
1761586777300209	62.058000
1761586777361403	67.805000
1761586777416549	67.726000
1761586777472151	67.658000
1761586777529389	69.126000
1761586777580452	65.071000
1761586777639735	68.721000
1761586777694267	67.506000
1761586777747026	65.022000
1761586777806295	69.160000
1761586777861443	68.966000
1761586777912675	66.588000
1761586777978228	76.401000
1761586778031020	73.569000
1761586778092759	80.020000
1761586778148551	80.061000
1761586778200260	76.496000
1761586778257869	78.409000
1761586778311282	76.627000
1761586778366186	75.427000
1761586778417837	71.826000
1761586778478940	77.590000
1761586778535782	79.175000
1761586778594063	81.346000
1761586778646353	77.726000
1761586778701693	77.733000
1761586778754380	75.325000
1761586778811402	77.271000
1761586778873703	84.083000
1761586778916079	71.241000
1761586778983669	83.082000
1761586779031848	75.692000
1761586779089059	77.864000
1761586779148654	81.815000
1761586779198919	76.670000
1761586779263843	85.765000
1761586779311937	78.346000
1761586779366080	76.835000
1761586779419382	74.633000
1761586779478253	78.065000
1761586779539588	83.753000
1761586779584033	72.982000
1761586779646354	79.909000
1761586779701257	78.872000
1761586779757109	79.131000
1761586779816004	81.641000
1761586779862419	72.890000
1761586779925262	80.454000
1761586779979932	79.758000
1761586780035243	79.666000
1761586780094553	82.904000
1761586780145469	78.574000
1761586780199387	77.041000
1761586780263782	86.329000
1761586780310415	77.978000
1761586780372276	84.474000
1761586780423284	80.001000
1761586780481833	82.890000
1761586780532710	78.335000
1761586780596055	86.296000
1761586780645429	80.204000
1761586780703977	83.660000
1761586780758794	82.755000
1761586780814651	83.224000
1761586780867988	81.140000
1761586780920010	78.120000
1761586780978450	81.030000
1761586781033156	80.372000
1761586781092717	83.188000
1761586781145533	80.311000
1761586781198894	78.415000
1761586781268724	93.135000
1761586781310355	79.787000
1761586781366761	80.818000
1761586781420244	78.794000
1761586781475522	78.627000
1761586781530405	78.009000
1761586781584889	76.946000
1761586781644807	81.616000
1761586781696561	77.152000
1761586781759486	84.637000
1761586781811873	81.660000
1761586781867601	81.677000
1761586781915230	74.144000
1761586781979780	83.495000
1761586782033421	81.517000
1761586782086237	78.434000
1761586782143676	80.231000
1761586782196774	77.475000
1761586782262389	86.736000
1761586782310123	78.594000
1761586782364592	77.469000
1761586782426462	83.300000
1761586782476663	78.274000
1761586782531651	77.102000
1761586782592715	82.215000
1761586782649271	82.963000
1761586782695434	73.189000
1761586782759619	81.905000
1761586782813152	79.867000
1761586782866336	77.919000
1761586782927411	82.915000
1761586782976581	76.438000
1761586783033410	77.102000
1761586783091747	79.169000
1761586783145505	77.091000
1761586783208626	84.383000
1761586783261806	82.053000
1761586783312580	76.401000
1761586783372731	80.835000
1761586783427358	79.553000
1761586783482443	78.908000
1761586783543477	83.560000
1761586783592604	76.764000
1761586783650670	79.252000
1761586783709912	81.921000
1761586783762156	78.381000
1761586783816657	77.481000
1761586783880424	85.454000
1761586783934388	83.078000
1761586783982514	75.148000
1761586784044133	80.592000
1761586784099220	79.492000
1761586784154956	79.865000
1761586784211800	80.760000
1761586784264434	77.870000
1761586784327574	84.933000
1761586784377374	79.246000
1761586784438209	84.229000
1761586784490046	80.376000
1761586784543757	78.602000
1761586784596426	75.171000
1761586784658852	82.104000
1761586784714106	81.653000
1761586784763250	75.755000
1761586784825242	82.582000
1761586784880461	82.074000
1761586784931054	77.514000
1761586784993665	83.995000
1761586785041616	76.874000
1761586785099326	79.014000
1761586785159491	83.327000
1761586785212905	80.377000
1761586785268100	78.971000
1761586785324945	79.952000
1761586785384796	84.205000
1761586785434438	78.413000
1761586785496355	84.743000
1761586785546642	79.228000
1761586785600831	77.376000
1761586785661866	82.642000
1761586785712024	77.561000
1761586785777755	87.749000
1761586785826157	80.584000
1761586785884809	83.004000
1761586785932330	75.163000
1761586785995926	83.406000
1761586786050015	80.821000
1761586786105559	80.835000
1761586786163424	82.673000
1761586786212104	75.724000
1761586786274660	81.648000
1761586786326935	78.563000
1761586786382710	77.677000
1761586786441161	80.205000
1761586786497645	79.810000
1761586786552842	79.363000
1761586786607892	78.843000
1761586786663007	78.193000
1761586786719815	79.304000
1761586786776301	79.847000
1761586786830226	77.991000
1761586786891962	83.951000
1761586786936253	72.954000
1761586786997293	77.898000
1761586787050609	75.254000
1761586787110701	79.316000
1761586787166299	79.122000
1761586787222946	79.910000
1761586787279098	79.953000
1761586787335720	80.706000
1761586787392011	80.513000
1761586787447986	80.004000
1761586787511479	86.933000
1761586787560754	80.765000
1761586787615220	79.574000
1761586787669156	77.404000
1761586787727296	80.030000
1761586787781975	78.923000
1761586787840665	81.302000
1761586787897582	83.196000
1761586787951965	82.094000
1761586788004510	79.410000
1761586788065175	84.187000
1761586788115970	79.456000
1761586788170587	77.952000
1761586788228053	78.655000
1761586788285927	81.050000
1761586788344187	83.078000
1761586788397456	80.322000
1761586788454649	81.336000
1761586788510850	81.128000
1761586788563312	78.063000
1761586788619662	78.787000
1761586788679759	83.195000
1761586788729579	77.234000
1761586788784825	77.090000
1761586788846302	82.350000
1761586788899391	79.590000
1761586788953923	77.991000
1761586789010836	78.527000
1761586789073222	84.190000
1761586789124432	80.213000
1761586789180387	79.954000
1761586789237485	80.182000
1761586789292488	78.898000
1761586789349540	79.493000
1761586789405988	79.626000
1761586789463841	80.205000
1761586789520067	81.036000
1761586789574857	79.839000
1761586789630032	79.244000
1761586789685271	78.568000
1761586789741765	79.398000
1761586789795878	77.467000
1761586789856807	82.541000
1761586789908079	77.768000
1761586789970230	84.195000
1761586790022873	81.640000
1761586790080362	83.372000
1761586790131226	78.812000
1761586790191511	82.636000
1761586790253928	88.267000
1761586790300272	78.639000
1761586790358150	80.717000
1761586790411918	78.351000
1761586790465668	76.079000
1761586790526359	81.498000
1761586790584668	83.833000
1761586790635896	79.107000
1761586790696002	83.133000
1761586790744870	75.629000
1761586790805627	80.896000
1761586790862460	82.018000
1761586790916184	80.646000
1761586790976476	84.950000
1761586791020993	74.664000
1761586791082611	81.130000
1761586791143353	85.836000
1761586791193852	81.025000
1761586791255870	86.639000
1761586791306024	81.034000
1761586791361389	80.596000
1761586791414561	78.333000
1761586791474688	82.406000
1761586791527985	78.626000
1761586791591227	85.699000
1761586791635726	74.571000
1761586791697194	80.579000
1761586791748483	75.338000
1761586791810668	81.692000
1761586791865827	80.826000
1761586791919707	78.900000
1761586791979668	82.869000
1761586792025878	72.860000
1761586792087450	79.269000
1761586792144830	80.438000
1761586792197355	77.076000
1761586792261521	85.103000
1761586792311671	79.238000
1761586792364947	76.801000
1761586792424610	80.883000
1761586792479852	79.985000
1761586792537873	82.659000
1761586792592446	81.563000
1761586792644979	78.462000
1761586792699181	76.448000
1761586792761591	83.147000
1761586792809311	75.124000
1761586792866943	77.326000
1761586792926315	81.334000
1761586792977885	76.899000
1761586793039678	81.870000
1761586793093230	79.786000
1761586793152994	82.866000
1761586793202832	77.460000
1761586793262927	81.487000
1761586793317256	79.523000
1761586793372623	79.176000
1761586793427634	78.324000
1761586793481697	77.172000
1761586793544130	83.217000
1761586793592410	76.243000
1761586793650424	77.899000
1761586793710057	81.719000
1761586793768313	83.744000
1761586793814859	74.516000
1761586793875994	80.273000
1761586793932510	81.499000
1761586793983130	76.770000
1761586794044110	81.925000
1761586794098353	79.818000
1761586794152193	78.137000
1761586794210527	80.414000
1761586794265910	80.241000
1761586794327324	85.369000
1761586794377026	79.865000
1761586794437832	84.571000
1761586794488775	80.224000
1761586794544638	80.537000
1761586794597017	77.394000
1761586794654633	79.675000
1761586794711773	80.417000
1761586794766598	79.144000
1761586794827846	84.218000
1761586794878532	79.142000
1761586794940888	85.323000
1761586794988228	76.907000
1761586795045194	78.374000
1761586795099314	77.108000
1761586795159863	81.711000
1761586795212549	78.185000
1761586795276253	85.997000
1761586795329807	82.940000
1761586795378748	75.567000
1761586795439965	81.245000
1761586795496093	81.380000
1761586795550177	79.365000
1761586795611486	84.641000
1761586795662239	79.567000
1761586795716240	77.017000
1761586795776922	82.163000
1761586795833803	82.441000
1761586795881139	74.404000
1761586795943217	81.479000
1761586795999944	82.517000
1761586796050440	77.720000
1761586796111146	82.564000
1761586796165942	82.077000
1761586796216355	76.866000
1761586796276289	80.046000
1761586796332486	79.686000
1761586796387674	78.972000
1761586796441588	77.593000
1761586796502973	82.732000
1761586796550722	75.337000
1761586796609532	78.762000
1761586796670889	84.530000
1761586796722226	80.475000
1761586796775286	77.403000
1761586796833648	80.200000
1761586796891856	82.134000
1761586796939158	74.244000
1761586797004229	83.698000
1761586797057537	80.508000
1761586797110566	77.496000
1761586797171794	82.794000
1761586797222660	78.641000
1761586797279607	79.847000
1761586797339163	83.925000
1761586797397276	86.990000
1761586797448176	82.399000
1761586797499389	78.355000
1761586797560908	83.896000
1761586797613665	80.032000
1761586797670253	80.955000
1761586797726517	81.501000
1761586797780571	79.819000
1761586797835107	78.382000
1761586797892349	79.969000
1761586797945751	77.382000
1761586798008027	83.524000
1761586798058095	78.234000
1761586798120456	84.617000
1761586798172905	80.854000
1761586798231181	82.990000
1761586798284021	80.684000
1761586798341013	81.339000
1761586798393873	78.085000
1761586798447816	76.690000
1761586798509984	83.374000
1761586798560133	77.906000
1761586798613486	74.999000
1761586798672331	78.563000
1761586798727099	76.986000
1761586798784104	78.136000
1761586798843223	81.338000
1761586798896757	79.008000
1761586798954255	80.711000
1761586799009351	79.741000
1761586799062001	76.973000
1761586799127250	86.476000
1761586799168834	72.441000
1761586799228951	77.074000
1761586799282082	74.599000
1761586799341639	79.101000
1761586799400062	81.336000
1761586799451250	76.819000
1761586799512528	81.918000
1761586799561843	76.132000
1761586799622461	80.784000
1761586799679542	81.334000
1761586799733029	78.666000
1761586799793175	82.101000
1761586799845919	79.068000
1761586799906219	83.323000
1761586799961638	82.931000
1761586800015714	81.017000
1761586800070455	79.888000
1761586800128993	82.303000
1761586800180113	78.220000
1761586800238234	80.404000
1761586800293987	80.791000
1761586800349010	80.239000
1761586800407677	82.392000
1761586800461001	80.019000
1761586800519518	82.439000
1761586800576021	82.987000
1761586800629316	79.471000
1761586800684665	78.796000
1761586800740339	77.761000
1761586800796437	78.167000
1761586800858215	84.138000
1761586800908896	78.678000
1761586800967872	81.201000
1761586801020985	78.708000
1761586801078200	79.590000
1761586801134231	80.104000
1761586801190559	80.937000
1761586801253649	87.496000
1761586801299193	77.187000
1761586801356046	78.340000
1761586801411347	77.644000
1761586801476306	86.514000
1761586801518315	73.165000
1761586801579358	78.688000
1761586801637816	80.358000
1761586801693715	80.101000
1761586801751151	81.823000
1761586801802690	77.978000
1761586801861871	80.208000
1761586801918210	80.903000
1761586801980332	86.546000
1761586802027554	78.870000
1761586802080742	76.701000
1761586802142711	82.159000
1761586802197093	80.835000
1761586802259445	87.449000
1761586802309739	82.158000
1761586802361942	78.592000
1761586802413588	74.695000
1761586802476055	81.610000
1761586802529710	78.821000
1761586802583833	77.484000
1761586802645151	83.359000
1761586802695222	77.540000
1761586802750677	77.310000
1761586802810137	80.909000
1761586802864658	78.809000
1761586802923926	81.991000
1761586802980052	82.177000
1761586803029775	76.167000
1761586803084628	75.796000
1761586803146457	81.453000
1761586803198743	77.937000
1761586803263960	86.939000
1761586803309343	77.216000
1761586803366456	78.453000
1761586803425146	81.102000
1761586803479168	78.732000
1761586803534879	77.771000
1761586803596968	83.710000
1761586803649443	79.205000
1761586803705149	78.780000
1761586803761470	79.515000
1761586803816292	78.430000
1761586803878298	84.302000
1761586803928136	78.121000
1761586803990229	83.701000
1761586804044883	82.620000
1761586804096605	78.288000
1761586804153332	78.603000
1761586804211483	81.108000
1761586804265045	78.454000
1761586804320708	78.043000
1761586804381436	82.193000
1761586804431407	76.984000
1761586804495129	84.018000
1761586804545843	79.051000
1761586804600672	77.389000
1761586804660766	81.524000
1761586804713067	77.968000
1761586804770174	79.548000
1761586804826032	80.063000
1761586804884756	83.089000
1761586804936112	79.189000
1761586804990372	77.924000
1761586805045955	78.363000
1761586805101380	78.112000
1761586805163612	83.686000
1761586805215108	79.298000
1761586805268818	77.112000
1761586805327633	79.759000
1761586805381519	77.636000
1761586805440996	81.139000
1761586805494470	79.281000
1761586805556316	85.533000
1761586805608989	82.887000
1761586805662373	79.746000
1761586805718259	79.598000
1761586805776843	82.124000
1761586805831229	81.135000
1761586805885600	79.334000
1761586805944241	81.781000
1761586805998414	80.854000
1761586806060749	87.061000
1761586806110995	81.971000
1761586806165006	80.052000
1761586806225628	84.797000
1761586806279983	83.820000
1761586806335457	83.654000
1761586806389147	81.806000
1761586806443590	79.939000
1761586806497852	78.085000
1761586806555670	79.688000
1761586806611825	79.877000
1761586806666533	77.819000
1761586806725317	80.797000
1761586806779406	78.320000
1761586806836991	80.188000
1761586806892915	79.615000
1761586806945817	76.750000
1761586807001720	76.983000
1761586807061654	80.838000
1761586807114716	78.428000
1761586807171281	79.192000
1761586807227978	79.607000
1761586807284448	79.278000
1761586807343405	82.459000
1761586807393621	76.294000
1761586807452961	79.072000
1761586807512803	82.155000
1761586807567683	80.579000
1761586807622370	79.405000
1761586807679071	80.137000
1761586807732974	78.197000
1761586807793991	83.542000
1761586807844462	78.509000
1761586807901252	79.226000
1761586807960296	81.774000
1761586808012422	77.875000
1761586808069706	78.998000
1761586808127280	81.068000
1761586808184986	83.097000
1761586808235478	77.263000
1761586808291951	77.421000
1761586808349842	79.145000
1761586808411977	85.015000
1761586808461532	79.103000
1761586808517850	79.099000
1761586808577105	82.274000
1761586808630090	78.809000
1761586808682582	75.702000
1761586808742011	79.594000
1761586808800971	81.782000
1761586808855852	80.760000
1761586808911103	80.079000
1761586808965414	78.573000
1761586809028811	86.026000
1761586809075514	76.955000
1761586809133221	78.983000
1761586809195843	84.989000
1761586809251967	85.531000
1761586809297829	75.493000
1761586809357573	79.601000
1761586809413366	78.878000
1761586809470203	79.605000
1761586809527413	81.332000
1761586809579397	77.919000
1761586809635591	78.034000
1761586809696361	82.972000
1761586809746061	77.490000
1761586809802752	77.920000
1761586809861926	81.274000
1761586809914326	78.232000
1761586809968284	75.789000
1761586810029362	80.847000
1761586810085190	80.857000
1761586810142837	83.312000
1761586810193188	77.454000
1761586810258731	87.247000
1761586810312515	84.877000
1761586810360317	76.570000
1761586810415357	76.291000
1761586810477812	82.202000
1761586810530832	79.349000
1761586810584249	77.106000
1761586810643086	80.310000
1761586810702633	83.720000
1761586810753005	78.432000
1761586810811928	81.169000
1761586810817266	142.693000
1761586810822046	91.287000
1761586810866798	79.226000
1761586810923778	80.759000
1761586810978589	79.613000
1761586811032522	76.879000
1761586811095534	83.291000
1761586811146597	79.242000
1761586811202053	78.439000
1761586811265419	86.729000
1761586811313481	79.345000
1761586811370990	80.871000
1761586811427654	82.130000
1761586811480252	78.965000
1761586811532669	75.478000
1761586811585959	73.274000
1761586811645381	77.087000
1761586811700618	76.036000
1761586811752584	72.856000
1761586811811753	76.079000
1761586811864404	72.767000
1761586811922139	74.734000
1761586811977561	74.185000
1761586812032023	73.132000
1761586812092283	76.634000
1761586812147803	76.769000
1761586812201614	74.313000
1761586812262392	79.443000
1761586812315849	76.221000
1761586812367301	71.977000
1761586812429733	78.085000
1761586812479766	72.765000
1761586812543377	80.493000
1761586812602644	82.984000
1761586812654561	79.546000
1761586812710683	79.759000
1761586812766441	79.848000
1761586812821758	79.377000
1761586812879237	80.592000
1761586812934296	79.954000
1761586812993965	83.895000
1761586813043676	78.019000
1761586813107377	85.571000
1761586813160255	82.836000
1761586813217602	83.935000
1761586813268359	78.852000
1761586813326780	81.811000
1761586813382032	81.078000
1761586813437264	80.245000
1761586813498576	84.742000
1761586813548655	78.519000
1761586813602511	76.536000
1761586813661485	79.803000
1761586813716369	77.989000
1761586813778949	84.237000
1761586813831052	80.288000
1761586813882878	76.715000
1761586813942624	80.546000
1761586814000489	81.616000
1761586814054766	80.124000
1761586814109230	78.809000
1761586814165146	78.530000
1761586814219807	76.526000
1761586814274887	75.837000
1761586814334778	79.760000
1761586814390975	79.787000
1761586814445838	79.444000
1761586814499399	76.715000
1761586814559206	80.831000
1761586814611957	77.027000
1761586814674454	83.866000
1761586814725918	79.276000
1761586814783068	80.356000
1761586814840345	81.524000
1761586814898984	83.751000
1761586814949929	79.040000
1761586815012339	84.695000
1761586815062171	78.808000
1761586815116449	77.626000
1761586815174840	80.013000
1761586815228557	78.039000
1761586815286658	80.315000
1761586815342738	80.740000
1761586815395688	78.064000
1761586815455618	82.471000
1761586815509532	80.592000
1761586815567039	82.531000
1761586815617566	77.948000
1761586815678913	83.176000
1761586815729423	78.340000
1761586815793100	85.818000
1761586815843598	80.817000
1761586815896492	77.429000
1761586815959289	83.549000
1761586816010454	79.079000
1761586816070865	83.265000
1761586816125082	82.463000
1761586816178663	80.244000
1761586816232875	79.106000
1761586816288186	78.223000
1761586816345378	79.392000
1761586816399859	77.934000
1761586816461168	82.560000
1761586816511724	77.377000
1761586816576558	85.420000
1761586816628736	82.208000
1761586816683977	81.286000
1761586816730735	72.861000
1761586816795186	81.652000
1761586816849568	79.882000
1761586816903909	78.537000
1761586816963694	82.451000
1761586817014844	78.282000
1761586817078600	86.299000
1761586817125172	77.060000
1761586817183282	79.667000
1761586817245325	85.209000
1761586817294421	78.031000
1761586817348590	75.707000
1761586817410945	82.799000
1761586817466400	81.881000
1761586817513524	73.691000
1761586817576676	81.158000
1761586817631374	79.364000
1761586817685268	76.558000
1761586817741863	77.270000
1761586817796328	76.078000
1761586817853697	77.338000
1761586817911249	78.697000
1761586817968009	79.435000
1761586818025681	81.287000
1761586818078882	78.963000
1761586818132016	76.362000
1761586818191439	80.110000
1761586818244845	77.549000
1761586818304200	79.940000
1761586818359588	79.445000
1761586818412182	76.236000
1761586818469608	77.774000
1761586818528776	81.061000
1761586818585606	81.767000
1761586818643478	83.631000
1761586818699111	83.098000
1761586818751340	79.678000
1761586818811689	84.155000
1761586818861958	79.115000
1761586818917149	78.379000
1761586818978624	84.133000
1761586819031381	81.425000
1761586819092350	86.330000
1761586819145473	82.635000
1761586819200962	82.089000
1761586819256281	82.052000
1761586819314880	83.875000
1761586819367064	80.201000
1761586819424086	81.676000
1761586819481362	82.569000
1761586819536828	81.767000
1761586819594954	84.083000
1761586819642209	76.142000
1761586819700331	78.690000
1761586819758919	80.807000
1761586819812910	79.006000
1761586819868366	78.870000
1761586819928741	83.197000
1761586819981804	79.707000
1761586820035620	77.970000
1761586820094493	80.761000
1761586820145763	76.597000
1761586820208375	82.776000
1761586820263549	82.143000
1761586820315181	78.044000
1761586820372293	79.694000
1761586820431004	82.375000
1761586820479427	75.175000
1761586820539511	79.578000
1761586820596080	79.822000
1761586820649817	77.728000
1761586820711693	83.286000
1761586820761341	77.828000
1761586820823779	84.453000
1761586820868791	74.018000
1761586820930013	79.882000
1761586820987057	80.824000
1761586821042284	80.563000
1761586821096766	79.036000
1761586821151625	77.595000
1761586821212779	82.697000
1761586821267776	82.568000
1761586821327291	86.545000
1761586821371853	75.800000
1761586821429043	77.800000
1761586821492048	85.089000
1761586821542784	80.645000
1761586821600604	82.535000
1761586821651283	77.658000
1761586821711858	82.262000
1761586821760825	76.154000
1761586821818663	78.224000
1761586821880328	83.739000
1761586821931080	78.527000
1761586821987071	79.194000
1761586822047521	83.961000
1761586822095051	75.000000
1761586822156035	80.152000
1761586822212017	79.706000
1761586822269357	80.894000
1761586822325503	81.290000
1761586822380146	79.490000
1761586822437546	80.829000
1761586822492362	79.545000
1761586822547503	78.662000
1761586822610160	85.410000
1761586822656381	75.840000
1761586822715755	79.100000
1761586822775442	82.641000
1761586822829653	81.491000
1761586822884668	80.506000
1761586822937781	77.863000
1761586822994099	78.489000
1761586823048975	77.164000
1761586823112638	84.890000
1761586823158482	75.436000
1761586823213788	75.348000
1761586823275897	81.015000
1761586823328792	78.002000
1761586823393210	86.256000
1761586823443280	80.985000
1761586823501028	83.141000
1761586823547432	74.181000
1761586823610799	81.947000
1761586823665846	80.408000
1761586823720055	78.407000
1761586823781949	83.634000
1761586823830449	76.888000
1761586823889341	80.252000
1761586823946543	82.168000
1761586823996743	76.871000
1761586824060094	83.771000
1761586824113565	81.548000
1761586824172214	83.500000
1761586824229296	84.994000
1761586824284005	83.057000
1761586824332250	76.028000
1761586824393240	81.317000
1761586824449259	81.266000
1761586824502356	78.206000
1761586824564127	83.782000
1761586824614176	77.596000
1761586824670393	77.517000
1761586824728453	79.336000
1761586824789041	84.042000
1761586824834290	73.454000
1761586824897018	80.493000
1761586824948477	76.106000
1761586825004622	76.397000
1761586825063309	78.000000
1761586825118548	77.328000
1761586825178270	80.310000
1761586825246882	93.074000
1761586825297224	86.763000
1761586825355711	89.022000
1761586825404818	81.540000
1761586825463240	83.905000
1761586825511553	76.664000
1761586825571921	80.562000
1761586825625846	78.452000
1761586825679447	75.999000
1761586825734540	74.753000
1761586825791925	75.965000
1761586825844935	72.558000
1761586825904781	75.674000
1761586825964997	79.864000
1761586826023096	81.598000
1761586826074350	76.168000
1761586826130044	76.104000
1761586826189704	79.589000
1761586826246767	80.894000
1761586826300519	77.808000
1761586826355089	77.057000
1761586826411700	77.519000
1761586826465339	74.901000
1761586826523819	77.625000
1761586826587257	85.248000
1761586826634290	76.817000
1761586826691622	78.443000
1761586826748934	79.889000
1761586826810702	85.094000
1761586826861992	80.165000
1761586826921470	83.303000
1761586826973650	80.237000
1761586827034516	84.583000
1761586827089431	83.846000
1761586827140538	78.846000
1761586827199498	81.719000
1761586827257615	84.170000
1761586827307759	78.865000
1761586827362964	78.252000
1761586827423914	82.708000
1761586827476285	79.372000
1761586827540151	86.445000
1761586827588532	79.089000
1761586827645426	80.152000
1761586827699674	78.466000
1761586827760526	83.020000
1761586827810506	77.057000
1761586827868674	79.423000
1761586827924830	80.124000
1761586827982957	82.579000
1761586828033441	77.936000
1761586828093751	81.720000
1761586828147000	79.221000
1761586828201384	77.433000
1761586828265432	85.770000
1761586828266137	142.186000
1761586828266699	87.037000
1761586828317700	81.353000
1761586828368146	76.673000
1761586828429663	81.977000
1761586828480317	77.566000
1761586828539242	79.936000
1761586828594079	78.940000
1761586828650983	79.208000
1761586828710997	82.398000
1761586828761043	76.987000
1761586828813839	73.998000
1761586828874552	79.138000
1761586828929182	77.946000
1761586828984758	78.098000
1761586829040688	78.281000
1761586829093455	75.658000
1761586829150742	76.802000
1761586829202970	73.111000
1761586829262370	76.380000
1761586829315399	73.836000
1761586829376243	79.005000
1761586829428828	75.047000
1761586829485074	76.276000
1761586829545039	80.277000
1761586829595804	75.664000
1761586829653205	77.511000
1761586829709782	78.430000
1761586829764623	77.427000
1761586829823197	79.765000
1761586829878863	79.138000
1761586829932729	76.883000
1761586829995407	83.507000
1761586830046977	79.204000
1761586830101684	78.085000
1761586830160412	81.307000
1761586830212233	77.036000
1761586830266670	75.863000
1761586830328931	82.067000
1761586830383575	79.817000
1761586830438398	78.139000
1761586830498718	82.378000
1761586830549329	77.548000
1761586830607709	79.356000
1761586830663562	79.122000
1761586830716756	76.862000
1761586830772020	76.581000
1761586830828312	77.488000
1761586830892584	85.269000
1761586830945147	81.405000
1761586831003198	83.262000
1761586831049979	74.740000
1761586831113365	82.382000
1761586831168255	81.082000
1761586831220533	78.205000
1761586831279768	81.364000
1761586831327931	74.682000
1761586831386470	78.008000
1761586831447352	82.462000
1761586831497894	77.275000
1761586831561160	84.122000
1761586831610575	78.165000
1761586831673360	84.645000
1761586831726259	82.172000
1761586831783883	83.023000
1761586831834692	78.536000
1761586831895932	84.261000
1761586831946369	78.966000
1761586832009419	85.928000
1761586832059788	79.749000
1761586832123240	86.504000
1761586832174179	81.872000
1761586832229355	81.621000
1761586832284316	80.794000
1761586832339014	79.410000
1761586832395137	79.615000
1761586832450217	78.554000
1761586832509808	82.768000
1761586832562493	79.518000
1761586832616540	77.268000
1761586832677073	82.336000
1761586832729645	79.158000
1761586832786214	79.519000
1761586832840821	77.962000
1761586832894816	76.654000
1761586832953561	78.944000
1761586833009727	78.926000
1761586833063023	76.960000
1761586833125618	83.361000
1761586833177419	79.398000
1761586833237922	83.223000
1761586833286535	76.459000
1761586833287398	132.699000
1761586833290309	80.233000
1761586833345872	79.800000
1761586833401234	79.275000
1761586833455515	77.294000
1761586833514683	80.347000
1761586833568308	77.809000
1761586833627897	81.260000
1761586833678799	77.171000
1761586833734366	76.543000
1761586833792002	78.485000
1761586833845981	76.795000
1761586833897851	73.171000
1761586833959885	79.924000
1761586834013070	76.796000
1761586834068009	76.175000
1761586834125632	77.702000
1761586834179203	76.074000
1761586834234836	75.875000
1761586834292790	77.903000
1761586834348687	77.828000
1761586834400673	74.097000
1761586834460602	78.990000
1761586834515141	77.589000
1761586834572199	79.581000
1761586834629005	80.273000
1761586834678894	74.109000
1761586834739105	78.038000
1761586834799618	82.736000
1761586834850415	78.240000
1761586834912380	84.221000
1761586834962283	78.886000
1761586835017726	78.017000
1761586835079192	83.184000
1761586835129888	78.647000
1761586835185024	77.886000
1761586835246191	83.778000
1761586835298455	80.648000
1761586835357848	84.347000
1761586835411661	82.925000
1761586835468088	82.793000
1761586835519619	78.926000
1761586835581407	84.463000
1761586835631715	79.169000
1761586835686378	78.074000
1761586835746510	82.388000
1761586835801598	80.214000
1761586835857069	80.257000
1761586835915625	82.929000
1761586835966267	78.243000
1761586836025757	81.008000
1761586836080043	78.995000
1761586836145084	87.362000
1761586836187958	74.116000
1761586836250410	80.948000
1761586836317047	91.070000
1761586836393365	110.610000
1761586836448519	110.158000
1761586836514475	120.720000
1761586836568207	118.412000
1761586836630387	125.034000
1761586836682840	122.107000
1761586836747307	130.054000
1761586836808064	134.227000
1761586836862552	132.917000
1761586836895675	109.067000
1761586836944687	102.535000
1761586836999000	100.592000
1761586837050622	95.539000
1761586837100135	89.861000
1761586837162524	96.242000
1761586837212700	90.605000
1761586837269393	90.590000
1761586837327663	93.214000
1761586837382593	92.220000
1761586837438011	91.559000
1761586837491969	89.841000
1761586837550024	91.566000
1761586837602225	88.433000
1761586837664555	94.684000
1761586837715988	90.478000
1761586837779607	97.912000
1761586837818796	81.062000
1761586837879639	86.625000
1761586837918738	70.176000
1761586837977507	72.676000
1761586838032156	71.385000
1761586838084603	68.236000
1761586838142424	70.291000
1761586838196365	68.558000
1761586838260420	77.022000
1761586838269570	141.763000
1761586838273339	89.941000
1761586838310569	71.263000
1761586838363499	68.387000
1761586838425866	74.368000
1761586838475258	68.816000
1761586838529908	67.862000
1761586838592497	74.929000
1761586838642382	69.315000
1761586838702044	73.062000
1761586838751698	66.930000
1761586838813135	72.383000
1761586838863545	68.114000
1761586838924082	72.847000
1761586838981049	73.475000
1761586839034024	71.478000
1761586839093189	74.538000
1761586839149467	74.855000
1761586839200760	70.194000
1761586839262707	76.134000
1761586839313498	71.684000
1761586839377441	79.672000
1761586839428622	74.456000
1761586839488086	78.155000
1761586839542613	76.778000
1761586839593880	72.742000
1761586839651141	74.044000
1761586839704401	71.599000
1761586839762939	74.312000
1761586839816059	71.427000
1761586839868911	70.526000
1761586839933730	79.074000
1761586839992199	81.022000
1761586840044075	77.003000
1761586840104759	81.874000
