timestamp	delay_ms	delay_smooth
1761666938225443	44.395	78.116
1761666938519382	286.313	78.123
1761666938578799	289.995	78.126
1761666938622276	275.935	78.129
1761666938695071	292.433	78.142
1761666938745826	286.681	78.145
1761666938798702	284.151	78.153
1761666938850681	279.035	78.159
1761666938903612	275.259	78.162
1761666938953719	269.420	78.171
1761666939005777	266.078	78.173
1761666939058124	262.780	78.180
1761666939109886	258.374	78.180
1761666939163027	255.604	78.185
1761666939213707	249.674	78.195
1761666939292581	272.160	78.198
1761666939345470	269.142	78.202
1761666939396526	264.850	78.208
1761666939448274	260.503	78.215
1761666939476340	232.372	78.212
1761666939478383	182.081	78.210
1761666939481084	128.601	78.208
1761666939484752	75.595	78.206
1761666939489438	23.841	78.209
1761666939548864	31.814	78.213
1761666939593491	24.983	78.221
1761666939644584	24.604	78.226
1761666939697118	25.675	78.223
1761666939748395	25.481	78.220
1761666939800302	25.955	78.220
1761666939852622	26.821	78.222
1761666939903320	26.084	78.226
1761666939954858	26.168	78.231
1761666940007851	27.705	78.239
1761666940056353	24.842	78.236
1761666940107256	24.273	78.239
1761666940159479	25.041	78.245
1761666940210473	24.591	78.256
1761666940269817	32.432	78.258
1761666940272188	86.306	78.265
1761666940276081	38.696	78.265
1761666940343416	54.637	78.268
1761666940344020	106.635	78.275
1761666940359949	71.170	78.274
1761666940361228	123.843	78.276
1761666940361670	72.891	78.282
1761666940366960	129.575	78.292
1761666940367067	78.288	78.294
1761666940384379	43.854	78.301
1761666940384426	95.647	78.312
1761666940384438	43.913	78.315
1761666940384459	95.680	78.322
1761666940384702	44.177	78.334
1761666940419378	27.180	78.336
1761666940470631	26.857	78.341
1761666940522292	27.035	78.350
1761666940573365	26.581	78.349
1761666940624735	26.485	78.353
1761666940675629	25.923	78.359
1761666940727572	26.329	78.358
1761666940778095	25.351	78.360
1761666940830591	26.375	78.364
1761666940889576	33.839	78.360
1761666940935367	28.151	78.360
1761666940985940	27.211	78.363
1761666941036833	26.614	78.369
1761666941096543	34.806	78.368
1761666941097039	86.820	78.370
1761666941100125	38.388	78.375
1761666941100640	90.421	78.372
1761666941101682	39.945	78.374
1761666941151005	37.783	78.378
1761666941203903	39.080	78.385
1761666941244379	28.062	78.385
1761666941294027	26.142	78.388
1761666941347190	27.813	78.395
1761666941400763	29.518	78.395
1761666941451573	28.575	78.397
1761666941502509	27.924	78.404
1761666941553527	27.414	78.403
1761666941606336	28.644	78.406
1761666941658331	29.057	78.410
1761666941709322	28.431	78.417
1761666941761350	28.869	78.417
1761666941811291	27.254	78.419
1761666941864390	28.798	78.425
1761666941916633	29.432	78.435
1761666941967804	29.017	78.437
1761666942018801	28.499	78.442
1761666942069380	27.566	78.452
1761666942121485	28.116	78.456
1761666942173852	28.903	78.459
1761666942224847	28.343	78.466
1761666942275545	27.499	78.466
1761666942327157	27.577	78.468
1761666942379852	28.687	78.477
1761666942437935	34.590	78.481
1761666942490725	35.454	78.477
1761666942542342	35.190	78.477
1761666942592497	33.482	78.478
1761666942646015	35.097	78.481
1761666942698704	35.946	78.487
1761666942749491	34.810	78.484
1761666942801132	34.559	78.483
1761666942852482	33.996	78.486
1761666942905558	35.161	78.490
1761666942957965	35.621	78.495
1761666943009015	34.777	78.502
1761666943058797	32.640	78.500
1761666943111619	33.624	78.500
1761666943165126	35.225	78.501
1761666943215700	33.914	78.504
1761666943268660	34.934	78.511
1761666943320844	35.268	78.509
1761666943371358	33.892	78.510
1761666943424923	35.661	78.513
1761666943488681	46.017	78.518
1761666943541232	45.604	78.526
1761666943593940	45.440	78.526
1761666943646716	45.826	78.530
1761666943699049	45.079	78.536
1761666943751937	44.926	78.535
1761666943806571	46.608	78.537
1761666943859892	47.058	78.543
1761666943912435	46.788	78.551
1761666943965509	46.993	78.552
1761666944017628	46.077	78.555
1761666944070693	46.323	78.561
1761666944123231	45.823	78.561
1761666944175365	45.207	78.563
1761666944228039	44.987	78.567
1761666944283771	47.964	78.572
1761666944335896	47.206	78.579
1761666944387886	46.395	78.578
1761666944441139	46.797	78.578
1761666944501451	55.321	78.581
1761666944566646	66.035	78.585
1761666944622777	67.589	78.592
1761666944678442	68.862	78.590
1761666944728945	65.111	78.589
1761666944784566	66.198	78.592
1761666944840513	67.716	78.597
1761666944896190	69.202	78.594
1761666944946533	65.260	78.593
1761666945002323	66.883	78.594
1761666945058064	68.186	78.597
1761666945114221	69.967	78.601
1761666945164340	65.558	78.608
1761666945219844	66.701	78.615
1761666945275996	68.643	78.615
1761666945331100	69.278	78.616
1761666945381759	65.712	78.620
1761666945437904	67.519	78.625
1761666945493062	67.655	78.632
1761666945550561	70.684	78.632
1761666945615853	81.209	78.634
1761666945674401	85.382	78.638
1761666945727238	82.562	78.644
1761666945786309	86.550	78.642
1761666945837945	83.245	78.642
1761666945890481	80.979	78.643
1761666945949736	85.285	78.647
1761666946001708	81.624	78.652
1761666946060506	85.330	78.650
1761666946112794	82.331	78.649
1761666946171510	85.715	78.652
1761666946223892	82.983	78.657
1761666946276224	80.089	78.663
1761666946335479	84.375	78.663
1761666946387581	80.760	78.665
1761666946446138	84.470	78.668
1761666946498336	81.253	78.672
1761666946557436	85.105	78.667
1761666946604964	76.506	78.667
1761666946658456	74.466	78.669
1761666946718690	79.384	78.672
1761666946772362	77.760	78.678
1761666946826145	76.293	78.676
1761666946880577	76.029	78.676
1761666946939847	80.517	78.676
1761666946993456	78.857	78.677
1761666947047228	77.492	78.680
1761666947101129	76.224	78.686
1761666947154222	74.578	78.692
1761666947214311	79.744	78.691
1761666947268290	78.865	78.689
1761666947322234	77.886	78.688
1761666947375348	75.977	78.692
1761666947429544	75.218	78.697
1761666947488772	79.479	78.695
1761666947542892	78.219	78.696
1761666947596981	77.184	78.699
1761666947653956	79.143	78.704
1761666947711966	82.365	78.702
1761666947769443	84.819	78.702
1761666947820566	80.983	78.706
1761666947879745	85.319	78.711
1761666947928343	78.524	78.710
1761666947987556	82.802	78.711
1761666948038809	79.042	78.714
1761666948096863	82.285	78.720
1761666948154891	85.559	78.720
1761666948205386	80.654	78.722
1761666948263926	84.511	78.726
1761666948314786	79.890	78.725
1761666948372881	82.801	78.726
1761666948424351	79.355	78.730
1761666948481901	81.427	78.736
1761666948539659	84.311	78.736
1761666948590126	79.540	78.739
1761666948648713	83.168	78.744
1761666948698200	77.080	78.751
1761666948753156	77.399	78.751
1761666948809084	78.051	78.754
1761666948864988	78.750	78.760
1761666948919700	78.414	78.759
1761666948975546	79.008	78.762
1761666949031268	79.705	78.768
1761666949085862	79.256	78.767
1761666949142002	80.606	78.769
1761666949197525	81.425	78.775
1761666949246597	75.638	78.774
1761666949302194	76.411	78.776
1761666949357603	76.501	78.780
1761666949413306	77.087	78.778
1761666949469017	77.774	78.779
1761666949523936	77.350	78.781
1761666949579726	78.030	78.784
1761666949635184	78.293	78.789
1761666949690301	78.356	78.786
1761666949749270	84.062	78.785
1761666949801140	81.709	78.786
1761666949853707	79.954	78.789
1761666949912189	83.796	78.793
1761666949964235	81.328	78.799
1761666950022050	84.438	78.798
1761666950077949	85.367	78.798
1761666950126043	79.044	78.801
1761666950185891	84.281	78.805
1761666950238183	82.082	78.801
1761666950296486	85.826	78.800
1761666950348449	83.088	78.802
1761666950400729	80.785	78.800
1761666950459748	85.253	78.801
1761666950511223	82.606	78.805
1761666950563304	80.271	78.802
1761666950622350	84.529	78.805
1761666950674051	81.739	78.810
1761666950732807	85.440	78.808
1761666950782141	80.346	78.807
1761666950836685	80.362	78.810
1761666950891565	80.716	78.809
1761666950946542	81.294	78.809
1761666950994966	75.581	78.812
1761666951050489	76.934	78.817
1761666951105228	77.534	78.817
1761666951160320	78.850	78.820
1761666951215091	79.536	78.825
1761666951270263	80.117	78.825
1761666951325160	80.770	78.826
1761666951374501	75.898	78.830
1761666951428970	76.244	78.829
1761666951484234	77.060	78.831
1761666951539118	77.877	78.835
1761666951594024	78.419	78.842
1761666951649088	79.046	78.844
1761666951703702	79.208	78.850
1761666951759189	80.334	78.855
1761666951816419	83.189	78.858
1761666951866308	78.554	78.858
1761666951924214	81.891	78.866
1761666951975029	78.175	78.868
1761666952031555	80.245	78.868
1761666952089644	83.799	78.874
1761666952140362	80.206	78.879
1761666952197605	82.951	78.885
1761666952248411	79.339	78.884
1761666952305347	81.899	78.891
1761666952355965	78.116	78.892
1761666952413688	81.383	78.896
1761666952464778	77.990	78.896
1761666952522209	80.869	78.897
1761666952579304	83.418	78.899
1761666952629981	79.672	78.899
1761666952687151	82.182	78.897
1761666952737843	78.105	78.896
1761666952795085	80.864	78.897
1761666952852145	82.958	78.900
1761666952902108	78.139	78.896
1761666952958468	79.645	78.893
1761666953015122	81.550	78.891
1761666953071607	82.860	78.891
1761666953122038	78.009	78.893
1761666953178707	79.350	78.895
1761666953234778	80.110	78.899
1761666953291392	81.592	78.895
1761666953347977	83.016	78.892
1761666953398111	77.833	78.889
1761666953455039	79.390	78.886
1761666953511540	80.636	78.884
1761666953568093	82.101	78.882
1761666953624167	82.826	78.885
1761666953674791	78.247	78.892
1761666953730947	79.325	78.896
1761666953787104	80.001	78.903
1761666953843977	81.844	78.904
1761666953894254	77.070	78.911
1761666953950301	78.891	78.912
1761666954006555	80.707	78.917
1761666954056995	77.186	78.918
1761666954113417	79.251	78.922
1761666954169539	80.817	78.929
1761666954219406	76.309	78.933
1761666954276106	78.891	78.939
1761666954332800	81.103	78.942
1761666954388500	82.634	78.948
1761666954438594	78.330	78.950
1761666954495618	80.968	78.957
1761666954551585	82.772	78.958
1761666954602105	79.326	78.960
1761666954658407	81.013	78.963
1761666954714870	83.022	78.965
1761666954764728	78.471	78.967
1761666954821091	80.582	78.970
1761666954875945	80.794	78.973
1761666954934576	84.054	78.969
1761666954985153	78.786	78.965
1761666955041943	80.332	78.961
1761666955098734	82.105	78.958
1761666955149750	78.320	78.954
1761666955206502	80.175	78.949
1761666955263396	81.737	78.944
1761666955320476	83.694	78.938
1761666955370589	78.674	78.934
1761666955428086	81.345	78.931
1761666955484722	82.882	78.928
1761666955541700	84.218	78.924
1761666955592453	79.793	78.922
1761666955649189	81.319	78.929
1761666955705737	82.640	78.933
1761666955756274	77.671	78.935
1761666955813738	80.107	78.936
1761666955871509	82.664	78.943
1761666955927455	83.958	78.947
1761666955976988	78.398	78.957
1761666956032784	79.680	78.962
1761666956088338	80.117	78.965
1761666956144040	80.680	78.973
1761666956199984	81.638	78.977
1761666956255591	82.347	78.985
1761666956304873	76.985	79.062
1761666956360316	77.857	79.077
1761666956416090	78.484	79.083
1761666956471193	78.408	79.087
1761666956527240	79.325	79.093
1761666956582700	79.877	79.098
1761666956638451	80.818	79.101
1761666956694242	81.649	79.107
1761666956749637	82.158	79.110
1761666956799050	75.893	79.110
1761666956860987	82.701	79.103
1761666956910456	77.295	79.098
1761666956965926	77.415	79.087
1761666957022740	79.007	79.079
1761666957078488	80.045	79.070
1761666957135281	82.518	79.066
1761666957185147	78.483	79.057
1761666957240819	79.920	79.045
1761666957297401	81.080	79.036
1761666957353717	82.557	79.031
1761666957403365	77.536	79.023
1761666957459859	78.579	79.020
1761666957516533	79.646	79.011
1761666957566554	78.193	79.002
1761666957623153	80.161	78.994
1761666957678842	81.532	78.988
1761666957729224	77.867	78.982
1761666957785572	78.492	78.978
1761666957841760	79.936	78.988
1761666957900985	84.178	78.997
1761666957953692	82.047	79.006
1761666958004443	77.568	79.013
1761666958061137	78.775	79.019
1761666958117459	80.119	79.024
1761666958174708	82.096	79.035
1761666958231418	83.682	79.044
1761666958281676	78.654	79.052
1761666958337961	79.475	79.059
1761666958395211	81.977	79.064
1761666958451923	83.437	79.068
1761666958502488	78.753	79.078
1761666958559270	80.402	79.086
1761666958616014	81.820	79.094
1761666958672222	82.916	79.099
1761666958722744	77.895	79.103
1761666958779982	79.696	79.113
1761666958836574	81.002	79.114
1761666958893279	82.824	79.112
1761666958943846	78.260	79.107
1761666959000993	80.243	79.106
1761666959056733	80.618	79.103
1761666959113404	81.507	79.097
1761666959163541	77.273	79.095
1761666959219480	79.148	79.090
1761666959276129	81.254	79.089
1761666959326803	77.738	79.086
1761666959382834	79.562	79.081
1761666959438572	81.119	79.079
1761666959488705	76.793	79.075
1761666959548024	82.126	79.069
1761666959600717	80.439	79.067
1761666959652216	77.486	79.063
1761666959708360	79.115	79.056
1761666959765349	81.470	79.053
1761666959820810	82.592	79.049
1761666959869684	77.268	79.053
1761666959927500	80.667	79.055
1761666959977906	76.701	79.061
1761666960034051	78.560	79.064
1761666960090102	80.276	79.065
1761666960148312	83.006	79.069
1761666960198890	78.278	79.069
1761666960256266	80.880	79.074
1761666960314121	83.357	79.074
1761666960365948	79.591	79.078
1761666960422351	80.590	79.080
1761666960480249	83.727	79.084
1761666960531369	79.621	79.085
1761666960588966	82.048	79.089
1761666960640090	78.581	79.088
1761666960698177	81.449	79.092
1761666960753302	81.841	79.093
1761666960806302	80.331	79.097
1761666960862577	81.811	79.106
1761666960913282	77.287	79.110
1761666960971363	80.112	79.111
1761666961028137	81.484	79.112
1761666961079265	77.462	79.115
1761666961138597	81.610	79.120
1761666961195694	83.102	79.119
1761666961244492	76.715	79.118
1761666961301091	78.195	79.119
1761666961358391	80.229	79.120
1761666961416464	83.388	79.123
1761666961465273	77.185	79.121
1761666961524230	81.043	79.120
1761666961581175	83.069	79.120
1761666961631353	77.869	79.122
1761666961688093	79.331	79.124
1761666961745512	81.605	79.127
1761666961802469	83.405	79.132
1761666961852647	78.621	79.130
1761666961909885	81.056	79.129
1761666961966800	82.503	79.127
1761666962022538	83.289	79.126
1761666962072658	78.284	79.126
1761666962131736	82.419	79.125
1761666962179766	75.788	79.125
1761666962236027	77.559	79.125
1761666962292434	78.914	79.126
1761666962350712	82.063	79.127
1761666962406980	83.626	79.128
1761666962457530	79.314	79.130
1761666962513377	80.267	79.132
1761666962570131	81.782	79.134
1761666962626117	82.679	79.137
1761666962682495	84.173	79.133
1761666962732995	79.093	79.130
1761666962789018	79.945	79.128
1761666962845632	82.090	79.126
1761666962901543	82.514	79.125
1761666962950276	76.355	79.123
1761666963007900	78.893	79.123
1761666963064436	79.946	79.127
1761666963120941	81.183	79.125
1761666963176783	82.119	79.126
1761666963233151	83.526	79.129
1761666963282540	77.502	79.128
1761666963339418	79.020	79.130
1761666963394614	78.816	79.134
1761666963450932	80.069	79.139
1761666963506806	80.989	79.140
1761666963562835	82.178	79.142
1761666963612583	76.761	79.147
1761666963668644	77.572	79.148
1761666963724902	78.710	79.151
1761666963781339	79.624	79.156
1761666963836895	79.928	79.157
1761666963893126	80.964	79.160
1761666963949014	82.087	79.166
1761666963999014	77.209	79.165
1761666964054843	78.015	79.167
1761666964111143	78.978	79.170
1761666964167333	80.181	79.168
1761666964223824	81.823	79.170
1761666964279624	82.955	79.166
1761666964328740	77.276	79.164
1761666964387214	80.998	79.160
1761666964442446	81.602	79.158
1761666964493115	78.046	79.156
1761666964551166	81.565	79.154
1761666964603519	79.760	79.187
1761666964658016	79.823	78.980
1761666964717401	84.432	78.768
1761666964767010	79.662	78.572
1761666964824160	82.368	78.360
1761666964877308	81.158	78.155
1761666964930144	79.523	77.951
1761666964988207	82.939	77.747
1761666965038891	79.198	77.549
1761666965095807	81.559	77.359
1761666965147050	78.445	77.176
1761666965203854	80.795	76.992
1761666965260774	83.327	76.815
1761666965311496	79.404	76.644
1761666965367601	80.299	76.476
1761666965423502	81.143	76.288
1761666965479746	82.252	76.099
1761666965529397	76.509	75.918
1761666965585362	76.983	75.737
1761666965640992	77.208	75.588
1761666965696343	77.443	75.485
1761666965753562	79.402	75.438
1761666965809843	80.717	75.447
1761666965866372	82.168	75.504
1761666965920581	80.936	75.556
1761666965971471	76.707	75.612
1761666966026387	76.367	75.670
1761666966083842	78.608	75.722
1761666966139698	79.325	75.774
1761666966195701	79.961	75.826
1761666966251946	81.172	75.879
1761666966307922	82.156	75.932
1761666966357788	76.953	75.988
1761666966414987	79.531	76.038
1761666966472449	81.839	76.091
1761666966529955	83.892	76.146
1761666966580663	79.332	76.200
1761666966638089	82.142	76.256
1761666966689170	78.093	76.306
1761666966746424	79.768	76.296
1761666966803984	82.321	76.335
1761666966854857	77.674	76.358
1761666966912401	79.438	76.330
1761666966969825	81.460	76.339
1761666967027389	84.000	76.294
1761666967078562	79.398	76.301
1761666967135845	81.975	76.252
1761666967193096	84.319	76.262
1761666967244343	79.890	76.299
1761666967301473	82.292	76.287
1761666967359042	84.720	76.328
1761666967409691	79.664	76.313
1761666967466229	81.069	76.352
1761666967522542	83.022	76.404
1761666967572006	78.250	76.459
1761666967628302	80.224	76.511
1761666967684564	82.114	76.566
1761666967734531	77.748	76.623
1761666967790493	79.247	76.676
1761666967846543	80.767	76.731
1761666967896463	76.236	76.790
1761666967952608	78.085	76.843
1761666968008716	80.175	76.892
1761666968064799	81.822	76.949
1761666968114780	77.622	77.002
1761666968171091	79.750	77.055
1761666968226862	81.122	77.100
1761666968276843	76.753	77.093
1761666968333091	78.984	77.133
1761666968389070	80.718	77.120
1761666968445374	82.658	77.157
1761666968496156	78.473	77.195
1761666968553030	79.939	77.231
1761666968610319	82.493	77.277
1761666968660964	78.088	77.327
1761666968718006	79.928	77.375
1761666968775278	82.438	77.428
1761666968826048	77.964	77.480
1761666968883395	79.709	77.533
1761666968940249	80.744	77.586
1761666968997614	82.868	77.637
1761666969048257	78.064	77.687
1761666969105247	79.691	77.738
1761666969162384	81.868	77.788
1761666969219779	84.448	77.913
1761666969270513	79.744	78.051
1761666969327484	81.349	78.190
1761666969384842	84.026	78.330
1761666969437331	81.193	78.459
1761666969490864	80.059	78.592
1761666969548882	82.801	78.727
1761666969598930	78.444	78.857
1761666969654695	79.681	78.990
1761666969713818	83.802	79.126
1761666969765381	80.564	79.264
1761666969815640	75.963	79.400
1761666969873386	78.647	79.531
1761666969929439	79.218	79.660
1761666969985335	80.273	79.791
1761666970041572	81.835	79.925
1761666970091307	77.028	80.058
1761666970147575	77.868	80.188
1761666970203780	80.161	80.276
1761666970259794	80.709	80.320
1761666970315829	81.832	80.332
1761666970371908	82.650	80.341
1761666970421937	77.373	80.351
1761666970478052	78.209	80.361
1761666970534214	79.063	80.374
1761666970590982	80.388	80.385
1761666970648157	83.025	80.396
1761666970698500	77.322	80.409
1761666970755385	78.886	80.419
1761666970811875	80.250	80.427
1761666970868790	81.977	80.440
1761666970925665	83.333	80.450
1761666970976059	78.639	80.447
1761666971032891	80.564	80.447
1761666971089717	82.387	80.445
1761666971139879	77.762	80.446
1761666971196664	79.805	80.447
1761666971253709	82.366	80.446
1761666971310351	83.649	80.471
1761666971360891	79.006	80.510
1761666971417482	80.409	80.551
1761666971474535	82.436	80.594
1761666971524983	78.419	80.638
1761666971581892	80.122	80.677
1761666971638071	80.769	80.718
1761666971694293	81.802	80.760
1761666971750665	83.040	80.804
1761666971800819	77.813	80.847
1761666971857102	78.890	80.885
1761666971913248	80.229	80.925
1761666971969636	81.496	80.967
1761666972025958	82.666	81.001
1761666972075938	77.211	81.025
1761666972132049	78.480	81.043
1761666972188482	80.139	81.061
1761666972244909	81.839	81.081
1761666972294727	76.689	81.102
1761666972351312	77.951	81.147
1761666972407527	79.014	81.194
1761666972463904	80.807	81.250
1761666972519875	81.329	81.299
1761666972576421	82.752	81.350
1761666972632707	83.482	81.395
1761666972683068	78.539	81.451
1761666972739363	79.395	81.500
1761666972795822	81.046	81.553
1761666972852044	82.127	81.599
1761666972908495	83.208	81.653
1761666972958823	78.462	81.702
1761666973014994	79.761	81.755
1761666973071425	81.529	81.808
1761666973127859	82.484	81.847
1761666973177839	77.195	81.884
1761666973234536	78.565	81.920
1761666973290987	79.546	81.955
1761666973347644	81.043	81.975
1761666973403651	82.185	81.976
1761666973453784	77.211	81.963
1761666973510147	78.317	81.957
1761666973566600	80.240	81.943
1761666973623319	81.846	81.935
1761666973679511	83.227	81.927
1761666973729721	78.456	81.917
1761666973785947	79.876	81.910
1761666973841886	80.846	81.896
1761666973896779	80.908	81.890
1761666973946645	75.563	81.881
1761666974004645	78.800	81.871
1761666974060878	79.635	81.862
1761666974117110	81.168	81.859
1761666974173535	82.832	81.859
1761666974223272	77.116	81.851
1761666974279737	78.401	81.849
1761666974335704	78.751	81.845
1761666974391525	79.520	81.852
1761666974448472	80.907	81.922
1761666974504694	82.210	81.994
1761666974560769	82.921	82.078
1761666974611031	78.078	82.161
1761666974665752	77.472	82.246
1761666974722005	78.128	82.323
1761666974780172	81.029	82.399
1761666974836849	82.437	82.475
1761666974887252	77.410	82.553
1761666974944242	79.205	82.630
1761666975001126	80.605	82.714
1761666975057961	82.373	82.796
1761666975108546	77.577	82.877
1761666975165149	78.715	82.955
1761666975222061	80.878	83.029
1761666975278974	82.545	83.101
1761666975329359	77.649	83.176
1761666975386437	79.582	83.245
1761666975442853	80.834	83.280
1761666975499997	83.164	83.268
1761666975550339	78.332	83.236
1761666975607141	80.106	83.204
1761666975663922	82.024	83.166
1761666975714748	77.911	83.134
1761666975771511	79.354	83.097
1761666975828775	81.319	83.064
1761666975885866	83.170	83.031
1761666975936565	78.987	83.000
1761666975993585	80.704	82.966
1761666976050467	81.997	82.929
1761666976107534	83.733	82.899
1761666976158368	79.085	82.865
1761666976215368	80.719	82.837
1761666976272402	82.718	82.807
1761666976323033	78.383	82.777
1761666976380327	80.820	82.748
1761666976437230	82.824	82.720
1761666976488002	78.417	82.707
1761666976545055	80.453	82.725
1761666976602002	82.511	82.742
1761666976653025	78.378	82.757
1761666976710104	80.058	82.771
1761666976766929	82.065	82.791
1761666976817516	77.392	82.809
1761666976873953	79.212	82.827
1761666976929928	80.094	82.843
1761666976985908	80.764	82.859
1761666977042380	82.386	82.876
1761666977091872	76.864	82.892
1761666977148181	78.223	82.907
1761666977204164	79.417	82.921
1761666977260297	80.863	82.938
1761666977316327	82.008	82.956
1761666977372426	83.034	82.974
1761666977421818	77.907	82.990
1761666977478350	79.034	83.008
1761666977534503	80.713	83.019
1761666977590449	81.647	83.035
1761666977640383	76.286	83.062
1761666977696322	77.611	83.080
1761666977754628	80.385	83.105
1761666977807136	77.711	83.122
1761666977863424	79.034	83.148
1761666977921235	81.894	83.173
1761666977971235	77.141	83.190
1761666978029908	80.693	83.213
1761666978086815	82.623	83.235
1761666978136754	77.183	83.258
1761666978193216	78.210	83.279
1761666978250998	80.998	83.302
1761666978302952	77.795	83.326
1761666978359692	78.890	83.354
1761666978417241	81.156	83.378
1761666978474388	83.003	83.405
1761666978525349	78.803	83.432
1761666978582376	80.678	83.446
1761666978639403	82.802	83.463
1761666978690100	78.526	83.476
1761666978747388	80.021	83.485
1761666978804703	81.854	83.498
1761666978855214	78.080	83.507
1761666978912376	79.936	83.525
1761666978969667	81.784	83.540
1761666979027610	84.735	83.558
1761666979078406	79.918	83.572
1761666979137223	83.963	83.583
1761666979189571	82.009	83.598
1761666979243901	81.710	83.609
1761666979295514	78.967	83.624
1761666979355872	84.291	83.632
1761666979406497	80.418	83.643
1761666979459907	79.352	83.653
1761666979518705	83.755	83.663
1761666979571300	82.019	83.692
1761666979627609	83.824	83.720
1761666979676477	78.288	83.757
1761666979736753	84.180	83.789
1761666979786175	79.361	83.830
1761666979843514	82.392	83.862
1761666979895329	78.555	83.900
1761666979952419	79.602	83.938
1761666980008469	80.663	83.971
1761666980061789	79.354	84.004
1761666980111332	77.139	84.037
1761666980166672	77.917	84.076
1761666980223160	80.063	84.107
1761666980278598	81.172	84.143
1761666980327750	75.752	84.179
1761666980382877	76.565	84.217
1761666980438236	77.390	84.252
1761666980493538	78.586	84.288
1761666980549296	80.078	84.311
1761666980604503	80.941	84.307
1761666980659764	81.976	84.309
1761666980709153	75.949	84.310
1761666980764524	76.420	84.311
1761666980819681	76.392	84.306
1761666980874960	76.778	84.299
1761666980929956	76.731	84.298
1761666980985704	77.581	84.297
1761666981044001	81.286	84.294
1761666981102375	84.759	84.292
1761666981154377	81.451	84.289
1761666981212577	84.609	84.291
1761666981263998	80.359	84.292
1761666981322637	84.031	84.287
1761666981374294	80.003	84.281
1761666981432615	83.009	84.279
1761666981484357	79.263	84.276
1761666981542577	82.172	84.277
1761666981600910	84.745	84.281
1761666981654462	82.574	84.342
1761666981710498	83.818	84.409
1761666981762785	80.933	84.476
1761666981820428	83.683	84.547
1761666981873216	81.235	84.613
1761666981931068	83.942	84.673
1761666981982593	80.208	84.744
1761666982037770	80.418	84.809
1761666982093070	81.148	84.879
1761666982147725	80.773	84.946
1761666982202853	80.954	85.008
1761666982258011	81.348	85.075
1761666982312705	81.127	85.143
1761666982361754	75.803	85.216
1761666982416869	76.045	85.284
1761666982471633	75.763	85.343
1761666982526699	75.880	85.416
1761666982581637	75.785	85.472
1761666982635847	75.138	85.487
1761666982689947	74.182	85.468
1761666982744816	74.228	85.442
1761666982801689	76.074	85.413
1761666982856463	75.947	85.381
1761666982911688	76.165	85.356
1761666982966784	76.047	85.328
1761666983022950	77.123	85.297
1761666983085999	84.709	85.268
1761666983138534	82.462	85.242
1761666983191259	80.839	85.213
1761666983244583	79.518	85.181
1761666983304750	85.159	85.157
1761666983356213	81.908	85.129
1761666983417489	87.088	85.102
1761666983469393	83.563	85.072
1761666983522860	81.342	85.046
1761666983582412	85.598	85.019
1761666983634436	82.391	84.991
1761666983692894	85.860	84.982
1761666983696448	144.403	85.016
1761666983699053	92.019	85.053
1761666983746610	84.148	85.100
1761666983799985	82.516	85.140
1761666983857293	84.556	85.186
1761666983912067	83.447	85.226
1761666983965180	81.423	85.270
1761666984022969	83.836	85.309
1761666984076702	82.088	85.351
1761666984128738	78.930	85.388
1761666984178233	73.330	85.430
1761666984233842	74.458	85.472
1761666984283896	70.114	85.511
1761666984340246	71.925	85.551
1761666984394094	71.145	85.596
1761666984453083	75.612	85.634
1761666984503080	70.867	85.675
1761666984556418	69.330	85.694
1761666984612661	70.795	85.692
1761666984671365	74.951	85.682
1761666984723745	72.423	85.670
1761666984781907	76.077	85.656
1761666984832118	71.403	85.651
1761666984886777	71.246	85.645
1761666984942106	71.725	85.637
1761666984998334	73.183	85.630
1761666985054488	74.363	85.620
1761666985110357	75.599	85.607
1761666985177830	87.539	85.597
1761666985231904	87.232	85.592
1761666985286304	86.396	85.583
1761666985340213	85.426	85.567
1761666985394308	84.403	85.555
1761666985448547	83.230	85.543
1761666985509259	88.337	85.536
1761666985563036	87.006	85.526
1761666985617350	86.401	85.521
1761666985671685	85.188	85.591
1761666985725677	83.543	85.668
1761666985779882	82.502	85.744
1761666985840531	88.154	85.819
1761666985893978	86.270	85.895
1761666985948824	85.772	85.974
1761666986003051	84.021	86.052
1761666986056908	82.917	86.131
1761666986117779	88.147	86.208
1761666986164579	79.672	86.294
1761666986217339	77.364	86.378
1761666986269757	74.721	86.459
1761666986328273	78.309	86.537
1761666986380615	75.745	86.621
1761666986433359	73.748	86.703
1761666986491853	77.393	86.784
1761666986544194	74.830	86.863
1761666986602837	78.502	86.945
1761666986655694	76.109	86.988
1761666986708296	74.142	86.985
1761666986766683	77.685	86.953
1761666986819480	75.575	86.920
1761666986871779	73.506	86.887
1761666986930252	77.148	86.859
1761666986982760	75.019	86.823
1761666987035415	72.925	86.790
1761666987093902	76.443	86.760
1761666987147953	75.365	86.728
1761666987210490	82.943	86.696
1761666987263045	80.880	86.661
1761666987321201	84.361	86.630
1761666987372922	81.843	86.596
1761666987425120	79.685	86.568
1761666987483367	83.285	86.536
1761666987534926	79.235	86.503
1761666987593400	82.841	86.469
1761666987645217	79.748	86.437
1761666987703302	82.849	86.430
1761666987755299	80.231	86.437
1761666987813351	83.509	86.444
1761666987865418	79.706	86.454
1761666987923532	82.513	86.465
1761666987974825	78.676	86.475
1761666988033530	82.409	86.486
1761666988086201	80.143	86.496
1761666988143988	82.717	86.507
1761666988203995	87.213	86.513
1761666988255404	82.953	86.524
1761666988308132	80.024	86.530
1761666988364254	80.772	86.543
1761666988420060	81.841	86.557
1761666988476593	83.247	86.565
1761666988526734	78.317	86.582
1761666988582561	78.731	86.590
1761666988638845	79.530	86.599
1761666988694858	80.554	86.613
1761666988750810	81.577	86.638
1761666988800851	76.876	86.672
1761666988857548	78.363	86.705
1761666988914020	79.700	86.745
1761666988970817	80.953	86.781
1761666989025289	80.417	86.806
1761666989082495	82.134	86.837
1761666989139358	83.874	86.867
1761666989187945	77.279	86.896
1761666989244094	78.059	86.923
1761666989299682	77.780	86.955
1761666989355077	77.961	86.985
1761666989410572	78.444	87.013
1761666989465923	78.951	87.040
1761666989521118	78.947	87.072
1761666989576553	79.247	87.101
1761666989632210	79.870	87.140
1761666989687502	80.085	87.171
1761666989742838	80.325	87.195
1761666989798370	81.077	87.200
1761666989853832	81.119	87.199
1761666989908843	80.835	87.202
1761666989964573	81.812	87.201
1761666990013075	75.208	87.203
1761666990069449	76.694	87.201
1761666990124774	77.255	87.202
1761666990180267	77.041	87.204
1761666990235679	77.602	87.204
1761666990290597	77.235	87.205
1761666990348372	79.679	87.204
1761666990405793	82.319	87.212
1761666990456824	77.823	87.216
1761666990514392	79.954	87.217
1761666990571885	82.179	87.217
1761666990622850	78.129	87.216
1761666990680470	80.747	87.218
1761666990737892	82.737	87.223
1761666990795406	84.802	87.273
1761666990846352	79.532	87.338
1761666990903789	81.424	87.394
1761666990961353	84.159	87.452
1761666991012462	80.044	87.512
1761666991069973	82.116	87.569
1761666991127183	84.438	87.628
1761666991178056	80.011	87.689
1761666991235552	82.163	87.753
1761666991292660	84.261	87.808
1761666991342545	78.507	87.864
1761666991400149	81.023	87.923
1761666991455926	82.165	87.990
1761666991506320	77.244	88.048
1761666991566080	81.631	88.108
1761666991614880	75.237	88.169
1761666991671581	76.594	88.232
1761666991725868	75.825	88.276
1761666991781993	76.667	88.292
1761666991838095	77.379	88.270
1761666991892870	77.022	88.247
1761666991948473	77.313	88.228
1761666992005520	78.911	88.202
1761666992061242	78.882	88.180
1761666992116424	79.416	88.158
1761666992172431	80.515	88.133
1761666992228434	81.436	88.109
1761666992282258	80.166	88.083
1761666992332375	75.502	88.060
1761666992388838	76.757	88.039
1761666992446956	79.821	88.012
1761666992505460	82.667	87.989
1761666992556897	78.730	87.965
1761666992615420	81.803	87.945
1761666992673846	84.979	87.923
1761666992725687	81.285	87.896
1761666992784035	83.996	87.873
1761666992835837	80.364	87.874
1761666992894400	83.488	87.926
1761666992945970	79.767	87.981
1761666993004339	83.085	88.045
1761666993056177	79.495	88.112
1761666993114237	81.454	88.170
1761666993172714	84.559	88.232
1761666993224487	80.604	88.294
1761666993282879	84.009	88.347
1761666993334754	80.952	88.401
1761666993391515	82.392	88.459
1761666993441826	77.533	88.524
1761666993497349	77.773	88.581
1761666993553769	78.630	88.637
1761666993609054	78.845	88.698
1761666993665174	79.933	88.759
1761666993721491	81.800	88.813
1761666993772875	77.970	88.869
1761666993828037	77.885	88.917
1761666993883928	78.590	88.926
1761666993939696	79.550	88.901
1761666993995867	80.941	88.875
1761666994051783	81.877	88.853
1761666994101415	76.666	88.828
1761666994157357	77.354	88.807
1761666994213169	77.815	88.784
1761666994269193	78.865	88.759
1761666994325312	79.325	88.738
1761666994381079	79.426	88.716
1761666994436624	79.727	88.691
1761666994492903	80.756	88.664
1761666994555727	88.408	88.641
1761666994603631	80.666	88.615
1761666994662277	83.415	88.586
1761666994719350	85.129	88.561
1761666994770453	80.818	88.536
1761666994828102	82.784	88.509
1761666994879329	79.436	88.485
1761666994937028	82.125	88.485
1761666994988380	78.532	88.547
1761666995046167	81.576	88.605
1761666995103564	83.259	88.666
1761666995155228	79.420	88.730
1761666995212845	81.416	88.794
1761666995270662	84.033	88.856
1761666995321905	79.895	88.910
1761666995379533	82.392	88.973
1761666995437260	84.812	89.040
1761666995488383	80.291	89.095
1761666995543759	80.293	89.156
1761666995598244	79.711	89.222
1761666995653052	79.360	89.278
1761666995707781	78.561	89.339
1761666995762407	77.718	89.408
1761666995816078	76.603	89.468
1761666995871117	75.954	89.528
1761666995925422	74.830	89.570
1761666995979717	74.282	89.587
1761666996037317	76.497	89.563
1761666996090431	75.049	89.537
1761666996152770	82.496	89.515
1761666996206715	81.339	89.489
1761666996261061	80.599	89.462
1761666996315689	79.880	89.441
1761666996370459	79.683	89.415
1761666996425180	79.439	89.390
1761666996479702	79.043	89.363
1761666996534787	79.312	89.338
1761666996662783	152.141	89.314
1761666996733384	167.131	89.288
1761666996790146	168.503	89.258
1761666996846155	168.886	89.233
1761666996888903	156.904	89.207
1761666996948952	161.499	89.177
1761666997004940	162.451	89.149
1761666997056460	158.804	89.124
1761666997114554	162.080	89.117
1761666997171516	163.437	89.169
1761666997228065	164.940	89.220
1761666997284528	165.085	89.267
1761666997340998	165.531	89.316
1761666997396374	164.769	89.370
1761666997453409	165.836	89.421
1761666997510519	167.540	89.472
1761666997567025	167.502	89.520
1761666997622724	166.716	89.568
1761666997631070	122.490	89.621
1761666997643324	78.842	89.673
1761666997664454	45.273	89.723
1761666997716320	44.326	89.772
1761666997770373	45.551	89.821
1761666997822387	44.727	89.872
1761666997877074	45.756	89.929
1761666997928713	44.753	89.984
1761666997983590	46.894	90.025
1761666998035854	46.325	90.032
1761666998086941	44.719	90.008
1761666998139102	43.986	89.991
1761666998194059	46.185	89.974
1761666998246005	45.485	89.955
1761666998297194	43.960	89.937
1761666998351130	44.806	89.913
1761666998402787	43.623	89.896
1761666998459125	47.248	89.878
1761666998510238	45.359	89.855
1761666998561915	44.116	89.838
1761666998641533	71.394	89.821
1761666998711265	86.266	89.807
1761666998768381	88.117	89.782
1761666998824748	89.594	89.763
1761666998880907	90.485	89.745
1761666998930244	85.220	89.726
1761666998986713	86.618	89.706
1761666999042860	87.677	89.702
1761666999098990	88.917	89.769
1761666999155359	90.799	89.834
1761666999204851	85.388	89.906
1761666999260932	86.611	89.979
1761666999317439	88.070	90.046
1761666999373525	89.196	90.122
1761666999429821	90.693	90.191
1761666999478973	85.145	90.255
1761666999536070	86.637	90.331
1761666999590090	85.484	90.404
1761666999646352	87.259	90.471
1761666999726127	112.617	90.533
1761666999785581	115.901	90.612
1761666999846109	121.814	90.681
1761666999894419	115.261	90.746
1761666999954623	119.293	90.816
1761667000005009	114.924	90.883
1761667000067649	122.369	90.946
1761667000115755	115.673	90.972
1761667000176949	120.992	90.958
1761667000226548	115.751	90.933
1761667000286015	119.634	90.903
1761667000338483	116.471	90.880
1761667000398275	120.154	90.852
1761667000458235	124.464	90.825
1761667000509945	120.354	90.796
1761667000567548	122.235	90.764
1761667000618270	117.884	90.731
1761667000677410	121.725	90.704
1761667000714977	103.844	90.675
1761667000748898	81.752	90.647
1761667000794838	72.330	90.617
1761667000852320	75.191	90.585
1761667000903644	71.671	90.558
1761667000961378	74.584	90.531
1761667001018593	77.139	90.502
1761667001069469	72.902	90.471
1761667001125093	73.758	90.461
1761667001176182	70.207	90.491
1761667001235551	74.861	90.516
1761667001290147	74.750	90.539
1761667001341590	71.444	90.567
1761667001401116	76.225	90.599
1761667001452692	73.854	90.627
1761667001506897	73.697	90.653
1761667001558886	71.744	90.675
1761667001616953	75.798	90.704
1761667001667230	72.193	90.735
1761667001732074	82.770	90.761
1761667001854666	151.039	90.786
1761667001909589	150.778	90.817
1761667001975793	161.730	90.845
1761667002029190	158.967	90.869
1761667002086362	159.700	90.890
1761667002138615	156.690	90.923
1761667002192240	154.940	90.954
1761667002245623	153.407	90.978
1761667002302308	154.418	90.983
1761667002355344	151.899	90.986
1761667002422031	163.248	90.993
1761667002476166	161.130	90.996
1761667002528026	157.403	91.004
1761667002584203	157.895	91.010
1761667002638283	156.323	91.019
1761667002692898	156.650	91.027
1761667002746768	155.629	91.032
1761667002800961	154.545	91.033
1761667002812230	113.053	91.039
1761667002825992	71.328	91.042
1761667002855037	47.039	91.043
1761667002910577	49.687	91.048
1761667002962103	48.243	91.056
1761667003015002	48.009	91.062
1761667003067970	48.025	91.064
1761667003120130	47.048	91.076
1761667003175444	49.368	91.109
1761667003228092	48.810	91.164
1761667003279812	47.575	91.216
1761667003332278	46.898	91.272
1761667003388066	49.746	91.326
1761667003440214	48.825	91.378
1761667003493250	48.873	91.428
1761667003545511	48.136	91.482
1761667003597882	47.443	91.534
1761667003653709	50.332	91.583
1761667003706084	49.630	91.636
1761667003774434	66.252	91.686
1761667003860859	97.731	91.733
1761667003915840	96.702	91.784
1761667003970874	95.703	91.834
1761667004025980	95.388	91.881
1761667004080775	95.002	91.932
1761667004135741	94.592	91.981
1761667004190893	94.342	92.015
1761667004245739	93.677	92.020
1761667004300780	93.941	92.001
1761667004355619	93.941	91.983
1761667004411056	94.141	91.965
1761667004465385	92.815	91.947
1761667004520831	92.829	91.931
1761667004583735	100.463	91.916
1761667004639033	99.696	91.896
1761667004693309	98.799	91.877
1761667004749125	99.434	91.858
1761667004803884	98.835	91.840
1761667004854374	96.224	91.824
1761667004914687	100.959	91.808
1761667004975295	105.668	91.791
1761667005027283	102.331	91.774
1761667005087570	107.406	91.759
1761667005139278	102.898	91.743
1761667005200006	109.164	91.726
1761667005251783	105.607	91.730
1761667005303619	101.938	91.808
1761667005364185	106.384	91.879
1761667005415992	102.077	91.953
1761667005476216	107.133	92.019
1761667005528311	103.319	92.094
1761667005588921	108.077	92.171
1761667005640760	104.198	92.244
1761667005701231	108.989	92.310
1761667005752868	104.493	92.391
1761667005813491	108.365	92.466
1761667005859711	102.228	92.537
1761667005903945	90.579	92.602
1761667005963144	94.737	92.670
1761667006014790	91.639	92.745
1761667006066620	88.706	92.815
1761667006126298	93.085	92.885
1761667006178472	90.430	92.952
1761667006236901	93.406	93.016
1761667006289548	90.968	93.042
1761667006348871	95.558	93.024
1761667006400673	92.168	92.992
1761667006452786	89.342	92.955
1761667006511826	93.623	92.925
1761667006563753	90.713	92.892
1761667006623407	95.014	92.859
1761667006675043	91.400	92.828
1761667006727389	88.759	92.797
1761667006786213	91.856	92.763
1761667006838593	88.974	92.734
1761667006911784	109.019	92.705
1761667006969750	112.045	92.672
1761667007030103	116.636	92.640
1761667007084032	115.069	92.604
1761667007144077	120.426	92.575
1761667007192316	113.974	92.542
1761667007250407	116.487	92.511
1761667007308515	119.218	92.479
1761667007354827	110.256	92.467
1761667007414789	114.776	92.495
1761667007472815	116.103	92.520
1761667007530995	119.010	92.544
1761667007579287	112.272	92.575
1761667007637471	114.162	92.604
1761667007695583	117.433	92.628
1761667007753639	120.423	92.657
1761667007801643	113.077	92.689
1761667007860120	115.860	92.719
1761667007903210	104.511	92.745
1761667007933018	79.266	92.776
1761667007988267	79.897	92.802
1761667008043544	80.675	92.825
1761667008098341	81.079	92.853
1761667008147265	75.995	92.886
1761667008201809	76.484	92.915
1761667008256789	77.071	92.942
1761667008311696	77.553	92.975
1761667008366703	78.479	92.997
1761667008421554	79.250	93.003
1761667008476603	79.898	93.007
1761667008531475	80.278	93.007
1761667008586128	80.420	93.014
1761667008635003	75.014	93.013
1761667008689769	75.703	93.017
1761667008744717	75.740	93.019
1761667008799763	75.859	93.024
1761667008860829	81.599	93.027
1761667008915481	80.985	93.033
1761667009030116	140.366	93.036
1761667009093507	147.545	93.035
1761667009144653	143.498	93.036
1761667009207216	150.195	93.036
1761667009258865	146.516	93.039
1761667009309862	143.008	93.038
1761667009372645	149.670	93.040
1761667009423669	145.803	93.045
1761667009486976	152.471	93.092
1761667009536427	146.428	93.152
1761667009588324	143.261	93.203
1761667009650598	149.849	93.256
1761667009702112	146.027	93.312
1761667009765153	153.621	93.369
1761667009816586	148.566	93.429
1761667009866923	143.726	93.484
1761667009930290	151.558	93.543
1761667009970985	136.502	93.604
1761667009986109	97.346	93.667
1761667010003899	58.816	93.732
1761667010052376	54.105	93.790
1761667010104149	52.469	93.851
1761667010156506	51.731	93.914
1761667010212283	54.435	93.977
1761667010264341	53.105	94.041
1761667010316519	52.226	94.089
1761667010371953	54.688	94.102
1761667010424312	53.965	94.083
1761667010476031	51.926	94.059
1761667010528154	51.203	94.035
1761667010583593	53.506	94.015
1761667010635736	52.503	93.994
1761667010691487	55.084	93.969
1761667010743468	54.096	93.946
1761667010795340	52.796	93.919
1761667010847783	52.561	93.893
1761667010899768	51.673	93.873
1761667010971183	71.404	93.845
1761667011071981	115.874	93.824
1761667011131624	119.019	93.797
1761667011191796	124.205	93.713
1761667011241869	118.372	93.680
1761667011302151	123.886	93.656
1761667011351858	118.349	93.633
1761667011411947	123.715	93.632
1761667011462242	118.578	93.684
1761667011522420	123.529	93.740
1761667011572489	118.588	93.797
1761667011632824	123.714	93.863
1761667011682976	118.069	93.922
1761667011742595	121.981	93.987
1761667011792731	116.964	94.059
1761667011852813	122.048	94.123
1761667011903092	116.917	94.191
1761667011963145	121.104	94.263
1761667011998856	101.427	94.324
1761667012031120	76.993	94.391
1761667012078840	70.297	94.464
1761667012132517	69.159	94.528
1761667012186046	68.268	94.590
1761667012244781	72.791	94.658
1761667012298297	72.301	94.725
1761667012351687	71.538	94.780
1761667012405146	71.001	94.806
1761667012458736	70.330	94.791
1761667012512283	68.699	94.772
1761667012565642	67.567	94.754
1761667012625995	73.389	94.734
1761667012678618	71.302	94.704
1761667012730219	68.244	94.672
1761667012786290	69.730	94.640
1761667012837250	66.143	94.611
1761667012896746	71.222	94.581
1761667012950677	70.428	94.555
1761667013011856	76.900	94.522
1761667013143389	153.863	94.493
1761667013200062	155.070	94.463
1761667013256568	156.008	94.432
1761667013312462	156.542	94.405
1761667013370403	159.215	94.377
1761667013424920	157.879	94.345
1761667013481381	158.917	94.314
1761667013538357	160.366	94.307
1761667013594583	160.531	94.358
1761667013652334	163.315	94.410
1761667013709227	164.137	94.456
1761667013763243	161.618	94.513
1761667013819185	161.415	94.569
1761667013875642	161.608	94.631
1761667013933203	162.730	94.691
1761667013988169	160.925	94.753
1761667014043707	160.518	94.807
1761667014099283	159.752	94.858
1761667014113376	122.322	94.912
1761667014125869	78.239	94.963
1761667014147820	45.634	95.017
1761667014202015	46.707	95.074
1761667014256246	47.833	95.128
1761667014310031	48.553	95.184
1761667014361048	46.456	95.242
1761667014415163	47.597	95.283
1761667014468591	47.605	95.297
1761667014520644	46.657	95.284
1761667014576535	49.577	95.265
1761667014627564	47.744	95.251
1761667014678979	46.163	95.228
1761667014732862	47.103	95.207
1761667014787073	48.408	95.182
1761667014837760	46.148	95.160
1761667014891998	47.496	95.138
1761667014946235	48.830	95.117
1761667014996949	46.488	95.099
1761667015076291	73.391	95.077
1761667015148748	90.583	95.056
1761667015200208	87.306	95.033
1761667015258407	90.285	95.015
1761667015316671	94.115	94.992
1761667015367762	90.246	94.974
1761667015425550	92.858	94.950
1761667015476894	88.931	94.948
1761667015535346	92.033	95.009
1761667015585797	87.807	95.079
1761667015644515	91.377	95.140
1761667015695593	87.535	95.203
1761667015754035	90.888	95.264
1761667015811962	93.884	95.334
1761667015862996	89.827	95.398
1761667015921339	93.804	95.467
1761667015972472	89.604	95.529
1761667016030680	92.880	95.602
1761667016082442	89.907	95.668
1761667016150590	103.431	95.727
1761667016216872	114.304	95.792
1761667016274113	116.616	95.850
1761667016329693	117.013	95.918
1761667016385566	116.796	95.979
1761667016432145	108.447	96.045
1761667016488232	108.406	96.094
1761667016544002	109.260	96.106
1761667016600595	110.946	96.075
1761667016655751	110.603	96.045
1761667016712060	110.956	96.021
1761667016767722	110.771	95.995
1761667016823575	110.555	95.968
1761667016879576	110.458	95.944
1761667016935608	110.271	95.918
1761667016991505	111.023	95.894
1761667017050980	114.345	95.868
1761667017101508	109.085	95.841
1761667017149041	102.498	95.815
1761667017189626	87.178	95.788
1761667017239963	82.779	95.759
1761667017293745	82.186	95.733
1761667017345899	79.889	95.704
1761667017403550	82.918	95.675
1761667017455887	80.858	95.647
1761667017514666	85.043	95.628
1761667017566142	81.936	95.616
1761667017618360	79.581	95.664
1761667017676901	83.411	95.708
1761667017728736	80.735	95.749
1761667017787578	85.143	95.798
1761667017839939	82.764	95.842
1761667017892148	80.478	95.881
1761667017948260	81.557	95.931
1761667018002115	81.321	95.977
1761667018060393	84.912	96.017
1761667018112506	82.237	96.067
1761667018214471	129.165	96.110
1761667018284788	144.161	96.149
1761667018332354	136.328	96.183
1761667018391117	138.978	96.229
1761667018449894	141.586	96.269
1761667018497138	134.002	96.312
1761667018556280	137.045	96.356
1761667018615142	139.469	96.387
1761667018674115	143.068	96.384
1761667018721279	134.832	96.372
1761667018780532	137.638	96.359
1761667018839718	140.718	96.340
1761667018898872	144.396	96.329
1761667018946305	135.942	96.317
1761667019005134	138.763	96.301
1761667019063820	141.462	96.291
1761667019122759	144.529	96.279
1761667019161546	127.446	96.270
1761667019182480	93.508	96.261
1761667019203275	58.279	96.254
1761667019256918	58.521	96.243
1761667019310827	59.165	96.234
1761667019360741	56.166	96.226
1761667019415054	57.376	96.214
1761667019469138	58.242	96.203
1761667019523088	59.025	96.193
1761667019572651	55.658	96.180
1761667019626923	56.654	96.260
1761667019681029	57.854	96.338
1761667019734985	58.819	96.415
1761667019784893	55.694	96.494
1761667019838769	56.545	96.572
1761667019892799	57.468	96.646
1761667019946719	58.124	96.717
1761667020001084	59.234	96.790
1761667020050612	55.734	96.859
1761667020104661	56.603	96.924
1761667020182454	81.378	97.005
1761667020289281	133.359	97.082
1761667020348044	137.228	97.159
1761667020407064	140.583	97.231
1761667020465664	143.779	97.307
1761667020512774	135.525	97.377
1761667020572322	139.087	97.447
1761667020630508	141.263	97.514
1761667020678079	133.490	97.538
1761667020736813	136.186	97.525
1761667020796080	139.231	97.491
1761667020854251	141.691	97.457
1761667020901699	132.872	97.422
1761667020959043	134.819	97.393
1761667021021010	140.558	97.364
1761667021077352	140.939	97.336
1761667021126489	135.030	97.310
1761667021186014	138.584	97.278
1761667021228378	124.784	97.246
1761667021248133	87.981	97.218
1761667021272775	57.515	97.187
1761667021325468	57.280	97.159
1761667021378532	57.495	97.188
1761667021431402	57.457	97.163
1761667021484429	56.868	97.129
1761667021537799	57.262	97.102
1761667021590886	56.878	97.075
1761667021644142	56.899	97.047
1761667021697525	57.298	97.017
1761667021750490	56.983	97.008
1761667021804107	56.913	97.022
1761667021857175	56.325	97.035
1761667021910241	55.649	97.053
1761667021962891	54.913	97.064
1761667022016236	55.112	97.079
1761667022071451	57.545	97.091
1761667022124693	57.872	97.101
1761667022174993	54.968	97.116
1761667022254282	81.331	97.125
1761667022373764	144.751	97.138
1761667022420863	136.833	97.148
1761667022481403	141.299	97.160
1761667022541617	145.988	97.174
1761667022592186	141.468	97.191
1761667022647648	141.449	97.210
1761667022695342	134.611	97.226
1761667022756002	139.592	97.239
1761667022816949	144.995	97.256
1761667022862393	135.164	97.276
1761667022925723	142.717	97.300
1761667022982529	143.493	97.323
1761667023030172	136.270	97.352
1761667023091159	141.279	97.376
1761667023151537	146.109	97.398
1761667023199581	138.880	97.426
1761667023257360	140.775	97.452
1761667023296850	124.962	97.483
1761667023323071	95.791	97.510
1761667023338273	55.304	97.536
1761667023392660	56.264	97.572
1761667023445796	56.140	97.601
1761667023497426	54.330	97.625
1761667023552346	55.899	97.647
1761667023606283	56.326	97.670
1761667023657429	54.172	97.694
1761667023711761	54.965	97.718
1761667023765967	55.870	97.736
1761667023817188	53.854	97.751
1761667023872001	55.042	97.763
1761667023926562	56.409	97.778
1761667023977483	53.806	97.716
1761667024032134	54.875	97.644
1761667024086350	55.823	97.567
1761667024137584	53.685	97.486
1761667024191370	53.717	97.421
1761667024246267	54.945	97.349
1761667024319488	75.843	97.280
1761667024430157	130.643	97.212
1761667024485898	130.193	97.144
1761667024541182	130.425	97.072
1761667024596315	129.711	97.002
1761667024651813	130.278	96.929
1761667024707444	129.976	96.852
1761667024762370	129.398	96.778
1761667024816887	129.011	96.709
1761667024873461	129.502	96.653
1761667024929084	130.208	96.607
1761667024984247	130.097	96.553
1761667025039810	129.908	96.547
1761667025094987	129.884	96.589
1761667025151071	130.349	96.657
1761667025205778	133.597	96.732
1761667025261181	134.114	96.806
1761667025316932	133.609	96.875
1761667025358814	120.266	96.948
1761667025381391	87.025	97.019
1761667025408744	59.676	97.086
1761667025463503	60.387	97.159
1761667025517715	61.039	97.228
1761667025572244	61.982	97.300
1761667025627086	63.431	97.374
1761667025677093	59.977	97.442
1761667025731249	60.992	97.515
1761667025786468	62.847	97.576
1761667025836450	59.591	97.612
1761667025891264	60.863	97.642
1761667025945713	62.176	97.672
1761667026005474	68.480	97.700
1761667026049091	58.719	97.708
1761667026103703	59.943	97.697
1761667026159372	62.248	97.683
1761667026214444	64.056	97.672
1761667026263511	58.431	97.658
1761667026334885	75.761	97.647
1761667026462902	147.873	97.633
1761667026516822	146.780	97.622
1761667026580275	154.717	97.608
1761667026632159	150.824	97.589
1761667026683076	146.537	97.581
1761667026747639	155.494	97.570
1761667026798892	150.741	97.555
1761667026849571	146.264	97.551
1761667026912451	154.159	97.608
1761667026964830	150.654	97.682
1761667027016837	147.721	97.754
1761667027068405	143.587	97.824
1761667027135624	155.241	97.890
1761667027183565	147.726	97.929
1761667027235475	144.050	97.962
1761667027297784	150.617	98.000
1761667027350553	148.081	98.041
1761667027403116	145.393	98.076
1761667027421226	109.914	98.114
1761667027432415	65.034	98.142
1761667027474107	53.842	98.187
1761667027524318	50.888	98.225
1761667027585460	58.862	98.266
1761667027635736	55.778	98.300
1761667027684713	51.446	98.336
1761667027736994	50.324	98.366
1761667027789667	49.758	98.351
1761667027842870	49.762	98.299
1761667027896278	49.782	98.224
1761667027949989	50.321	98.155
1761667028003703	50.879	98.082
1761667028057299	51.297	98.027
1761667028109529	50.452	97.995
1761667028162705	50.314	97.973
1761667028216800	51.190	97.945
1761667028269630	50.790	97.921
1761667028323744	51.242	97.895
1761667028396867	72.799	97.869
1761667028488905	108.834	97.844
1761667028539231	104.593	97.816
1761667028593193	103.691	97.793
1761667028653769	109.302	97.768
1761667028707145	107.054	97.742
1761667028762228	106.687	97.718
1761667028815787	105.627	97.690
1761667028869032	104.070	97.684
1761667028931107	110.963	97.714
1761667028984389	108.379	97.742
1761667029036609	104.713	97.767
1761667029090934	103.807	97.800
1761667029153767	110.631	97.820
1761667029207265	108.583	97.774
1761667029260783	106.258	97.725
1761667029313881	104.209	97.669
1761667029376112	110.903	97.607
1761667029429527	108.514	97.545
1761667029476519	101.634	97.486
1761667029517705	86.611	97.428
1761667029571834	85.391	97.372
1761667029626355	84.078	97.314
1761667029680624	82.676	97.259
1761667029742057	88.572	97.193
1761667029796294	87.634	97.128
1761667029850411	86.907	97.068
1761667029905361	86.753	97.006
1761667029959439	85.722	96.946
1761667030013271	83.588	96.886
1761667030068417	83.422	96.826
1761667030122741	82.510	96.767
1761667030177208	82.106	96.751
1761667030238603	88.378	96.777
1761667030293071	86.573	96.827
1761667030347341	85.577	96.875
1761667030401615	84.041	96.925
1761667030463052	89.809	96.975
1761667030540758	113.090	97.025
1761667030618549	135.765	97.076
1761667030673520	135.456	97.125
1761667030729072	135.160	97.175
1761667030784114	134.539	97.226
1761667030839767	133.941	97.277
1761667030895268	133.249	97.326
1761667030950335	133.162	97.376
1761667031005531	132.653	97.426
1761667031061245	132.235	97.477
1761667031116179	131.201	97.529
1761667031171758	130.668	97.577
1761667031226891	130.235	97.627
1761667031282252	129.665	97.660
1761667031337708	129.782	97.660
1761667031393443	129.785	97.661
1761667031448296	129.186	97.663
1761667031503882	129.182	97.665
1761667031545775	115.715	97.668
1761667031568381	83.128	97.671
1761667031600408	60.274	97.674
1761667031655589	61.387	97.679
1761667031710687	62.771	97.682
1761667031765672	64.260	97.686
1761667031816483	61.468	97.690
1761667031871524	63.098	97.695
1761667031921836	59.766	97.700
1761667031976787	61.204	97.697
1761667032032144	63.153	97.695
1761667032087283	64.979	97.694
1761667032137891	61.825	97.692
1761667032193074	62.845	97.691
1761667032248391	64.082	97.693
1761667032303402	65.005	97.689
1761667032353676	60.938	97.681
1761667032408965	61.855	97.676
1761667032464085	62.891	97.666
1761667032536607	81.570	97.660
1761667032668452	157.314	97.648
1761667032720107	152.717	97.639
1761667032773472	151.298	97.635
1761667032824842	147.072	97.625
1761667032891209	157.876	97.621
1761667032942903	153.311	97.610
1761667032996792	151.372	97.604
1761667033048543	147.548	97.593
1761667033114674	158.184	97.586
1761667033166282	154.031	97.574
1761667033219436	152.210	97.566
1761667033270775	148.296	97.555
1761667033324233	146.506	97.550
1761667033389072	155.662	97.557
1761667033442533	152.726	97.560
1761667033493989	149.107	97.567
1761667033547143	146.687	97.576
1761667033602394	145.717	97.581
1761667033615617	104.358	97.589
1761667033628942	62.027	97.593
1761667033669769	49.681	97.601
1761667033721205	48.040	97.603
1761667033775923	49.685	97.609
1761667033830342	51.074	97.618
1761667033881426	48.861	97.622
1761667033935882	50.292	97.630
1761667033987307	48.614	97.632
1761667034042112	50.206	97.639
1761667034096483	51.246	97.649
1761667034148255	49.967	97.655
1761667034202442	51.190	97.665
1761667034253884	49.666	97.652
1761667034305115	47.947	97.637
1761667034359777	49.503	97.616
1761667034414408	51.172	97.596
1761667034465237	48.625	97.571
1761667034519907	50.327	97.553
1761667034587990	66.434	97.532
1761667034684878	107.783	97.508
1761667034737929	105.489	97.494
1761667034790609	102.854	97.475
1761667034852089	108.747	97.454
1761667034904678	106.090	97.430
1761667034957906	104.197	97.413
1761667035019059	110.034	97.395
1761667035072056	108.232	97.372
1761667035124842	106.016	97.347
1761667035177579	103.791	97.329
1761667035239136	109.339	97.308
1761667035291887	106.318	97.300
1761667035344631	103.990	97.320
1761667035406239	110.512	97.340
1761667035458940	108.145	97.359
1761667035511828	105.459	97.377
1761667035564388	103.182	97.401
1761667035626253	109.924	97.425
1761667035667695	99.113	97.448
1761667035708482	83.710	97.470
1761667035765122	85.079	97.492
1761667035819835	84.540	97.513
1761667035879216	89.008	97.533
1761667035928151	83.112	97.552
1761667035984647	84.962	97.572
1761667036039399	85.139	97.597
1761667036094433	85.410	97.622
1761667036149589	85.986	97.647
1761667036204595	85.597	97.672
1761667036259581	84.868	97.691
1761667036314451	83.881	97.710
1761667036369385	83.924	97.661
1761667036424175	83.516	97.604
1761667036479163	83.453	97.551
1761667036533930	83.276	97.490
1761667036588809	82.801	97.434
1761667036650404	88.664	97.381
1761667036744450	127.416	97.321
1761667036813277	140.826	97.264
1761667036859749	131.750	97.200
1761667036917628	134.392	97.143
1761667036975801	136.567	97.090
1761667037033245	138.424	97.028
1761667037091181	140.714	96.971
1761667037137381	131.594	96.905
1761667037195825	134.639	96.845
1761667037253765	136.569	96.790
1761667037311479	138.752	96.726
1761667037368966	141.240	96.680
1761667037415597	132.854	96.679
1761667037473985	135.473	96.723
1761667037531873	137.538	96.773
1761667037589211	138.165	96.826
1761667037647507	140.876	96.879
1761667037685770	123.351	96.929
1761667037706979	88.995	96.980
1761667037732949	58.769	97.033
1761667037788566	60.813	97.084
1761667037840088	58.464	97.135
1761667037895992	60.577	97.188
1761667037947371	58.146	97.243
1761667038003593	60.704	97.295
1761667038055004	58.132	97.348
1761667038110875	60.444	97.399
1761667038162153	58.054	97.450
1761667038218191	60.586	97.504
1761667038269503	58.383	97.557
1761667038325380	60.779	97.612
1761667038376984	58.637	97.644
1761667038432664	60.812	97.622
1761667038484250	58.628	97.596
1761667038540158	61.075	97.564
1761667038591568	58.686	97.539
1761667038670836	84.396	97.507
1761667038776958	134.661	97.482
1761667038836107	137.766	97.450
1761667038894640	140.308	97.425
1761667038958013	148.574	97.393
1761667039002025	137.618	97.367
1761667039059210	138.944	97.335
1761667039121495	145.664	97.310
1761667039165425	134.619	97.280
1761667039225585	139.490	97.256
1761667039285615	143.907	97.226
1761667039333323	136.240	97.202
1761667039391424	138.334	97.172
1761667039450770	141.996	97.167
1761667039498245	134.189	97.192
1761667039556723	137.343	97.225
1761667039615478	140.774	97.260
1761667039673673	143.203	97.295
1761667039712580	125.971	97.326
1761667039739536	97.177	97.356
1761667039755266	57.015	97.388
1761667039806171	54.400	97.421
1761667039861519	56.368	97.455
1761667039912970	54.912	97.490
1761667039968805	57.367	97.527
1761667040020690	55.641	97.557
1761667040072091	54.003	97.590
1761667040127928	56.427	97.627
1761667040180193	54.907	97.662
1761667040236280	57.260	97.701
1761667040288374	55.601	97.734
1761667040343736	57.494	97.768
1761667040395433	56.316	97.794
1761667040447271	54.508	97.724
1761667040502567	56.129	97.652
1761667040554823	54.692	97.578
1761667040610662	56.665	97.504
1761667040661950	54.901	97.426
1761667040738156	79.073	97.350
1761667040850433	135.096	97.272
1761667040905650	134.283	97.192
1761667040962081	134.789	97.111
1761667041019178	135.883	97.027
1761667041072381	133.994	96.942
1761667041130117	136.546	96.860
1761667041186353	137.904	96.777
1761667041243168	138.566	96.694
1761667041287637	127.495	96.610
1761667041343886	128.025	96.528
1761667041400402	128.846	96.446
1761667041455740	129.273	96.364
1761667041512488	130.899	96.331
1761667041567751	130.726	96.354
1761667041624438	131.723	96.420
1761667041679881	131.115	96.484
1761667041736330	131.715	96.547
1761667041778356	118.131	96.609
1761667041805798	89.537	96.674
1761667041830240	59.421	96.737
1761667041881971	57.906	96.801
1761667041938299	60.779	96.866
1761667041991095	60.385	96.928
1761667042043329	59.320	96.992
1761667042097256	59.969	97.058
1761667042150028	59.319	97.124
1761667042202225	58.272	97.187
1761667042259187	62.264	97.254
1761667042311530	61.291	97.320
1761667042364414	60.421	97.383
1761667042416269	59.173	97.450
1761667042469516	59.189	97.482
1761667042526325	62.879	97.491
1761667042577128	60.446	97.505
1761667042631507	61.338	97.514
1761667042682890	59.195	97.519
1761667042752661	75.837	97.528
1761667042876215	143.998	97.534
1761667042938184	150.172	97.546
1761667042987664	143.785	97.553
1761667043049591	150.035	97.566
1761667043099821	143.897	97.575
1761667043161481	150.052	97.588
1761667043211412	144.439	97.597
1761667043272448	150.977	97.602
1761667043322517	145.105	97.612
1761667043384683	151.436	97.617
1761667043434033	144.808	97.628
1761667043483091	138.214	97.635
1761667043546760	146.137	97.645
1761667043594958	139.200	97.637
1761667043656853	144.949	97.615
1761667043706486	139.664	97.589
1761667043767815	145.321	97.563
1761667043807934	129.945	97.536
1761667043826275	92.093	97.522
1761667043841117	51.687	97.507
1761667043896901	54.251	97.491
1761667043948856	53.116	97.472
1761667044000780	51.967	97.454
1761667044052938	50.899	97.436
1761667044108887	53.685	97.418
1761667044160731	52.279	97.400
1761667044216508	54.728	97.382
1761667044268573	53.417	97.364
1761667044320335	51.632	97.345
1761667044376211	54.559	97.322
1761667044427991	52.861	97.305
1761667044480131	51.789	97.298
1761667044535582	54.382	97.312
1761667044587521	52.766	97.332
1761667044639695	51.510	97.353
1761667044695295	53.971	97.378
1761667044750235	55.535	97.398
1761667044811667	64.788	97.421
1761667044928425	125.743	97.438
1761667044978415	120.800	97.460
1761667045032164	119.171	97.485
1761667045093951	125.379	97.505
1761667045147533	123.638	97.528
1761667045200470	121.737	97.546
1761667045261942	127.893	97.567
1761667045315118	125.506	97.591
1761667045366780	122.329	97.613
1761667045427735	127.900	97.637
1761667045479695	123.921	97.655
1761667045532947	121.766	97.677
1761667045585719	118.988	97.632
1761667045648429	125.869	97.565
1761667045698958	120.830	97.510
1761667045761029	127.393	97.451
1761667045813086	124.570	97.388
1761667045856667	112.743	97.335
1761667045880796	81.344	97.278
1761667045923134	68.104	97.218
1761667045978597	69.087	97.152
1761667046029679	65.480	97.097
1761667046085596	67.077	97.039
1761667046142135	69.365	96.976
1761667046193361	66.028	96.907
1761667046249559	67.666	96.851
1761667046305843	69.668	96.790
1761667046356669	66.014	96.725
1761667046412574	67.409	96.655
1761667046468593	69.060	96.610
1761667046520005	65.841	96.615
1761667046576220	67.484	96.671
1761667046632472	69.479	96.727
1761667046683283	65.777	96.782
1761667046739369	67.459	96.842
1761667046795310	69.195	96.900
1761667046846640	66.112	96.957
1761667046995502	160.579	97.012
1761667047049521	158.866	97.074
1761667047103745	157.220	97.133
1761667047156882	155.007	97.192
1761667047211646	154.187	97.248
1761667047264641	154.478	97.310
1761667047318861	153.638	97.371
1761667047372400	151.983	97.430
1761667047426601	150.779	97.489
1761667047480357	149.383	97.546
1761667047548288	162.277	97.609
1761667047602468	160.784	97.670
1761667047655817	158.255	97.695
1761667047708992	155.517	97.641
1761667047763768	155.283	97.581
1761667047816908	153.053	97.517
1761667047868978	149.360	97.447
1761667047922788	148.645	97.389
1761667047935824	108.379	97.326
1761667047950259	67.289	97.259
1761667047987325	50.755	97.204
1761667048036212	46.558	97.145
1761667048090413	47.822	97.081
1761667048143282	47.886	97.013
1761667048197484	48.986	96.958
1761667048252479	50.840	96.900
1761667048306993	52.299	96.833
1761667048356537	48.876	96.765
1761667048410068	49.461	96.706
1761667048463287	49.773	96.642
1761667048513268	46.781	96.598
1761667048570121	50.890	96.612
1761667048574933	108.446	96.672
1761667048575363	56.132	96.733
1761667048620110	47.726	96.794
1761667048674727	49.705	96.855
1761667048728090	50.237	96.918
1761667048781252	50.203	96.979
1761667048832195	48.043	97.042
1761667048907762	70.819	97.105
1761667048985211	93.228	97.167
1761667049040424	92.440	97.230
1761667049102673	99.220	97.294
1761667049158490	99.528	97.358
1761667049210170	95.538	97.424
1761667049264820	94.946	97.491
1761667049321125	95.787	97.558
1761667049376012	95.227	97.622
1761667049428160	92.201	97.685
1761667049483020	92.255	97.753
1761667049537831	91.982	97.779
1761667049592063	91.061	97.704
1761667049651202	95.758	97.641
1761667049711114	100.101	97.572
1761667049763562	97.842	97.494
1761667049818206	97.655	97.423
1761667049872895	97.463	97.353
1761667049927669	96.898	97.293
1761667049986376	102.202	97.224
1761667050048319	108.240	97.147
1761667050099839	104.038	97.086
1761667050160169	108.468	97.012
1761667050211859	104.574	96.936
1761667050263738	101.478	96.872
1761667050323842	106.311	96.800
1761667050375707	103.026	96.720
1761667050434923	107.686	96.651
1761667050486328	103.507	96.578
1761667050538235	100.728	96.532
1761667050602990	110.312	96.533
1761667050653076	104.903	96.601
1761667050702154	99.110	96.667
1761667050763794	105.284	96.734
1761667050817503	104.148	96.804
1761667050874254	104.771	96.872
1761667050928087	103.377	96.939
1761667050974544	98.118	97.010
1761667051026047	94.325	97.080
1761667051077782	90.602	97.149
1761667051136861	94.240	97.221
1761667051188494	90.858	97.292
1761667051247920	95.152	97.360
1761667051299088	90.914	97.433
1761667051350994	87.975	97.505
1761667051409622	92.153	97.575
1761667051461859	89.751	97.649
1761667051520874	93.412	97.723
1761667051572848	90.684	97.796
1761667051631629	93.969	97.833
1761667051683703	91.078	97.777
1761667051742738	95.402	97.722
1761667051794572	92.228	97.666
1761667051846321	88.177	97.612
1761667051905188	91.223	97.556
1761667051966078	96.693	97.500
1761667052035469	111.062	97.446
1761667052101240	121.540	97.391
1761667052147222	112.523	97.336
1761667052206798	116.834	97.279
1761667052265518	120.739	97.223
1761667052313563	113.503	97.166
1761667052373899	118.757	97.110
1761667052430317	120.007	97.052
1761667052479218	113.993	96.988
1761667052538352	118.209	96.924
1761667052590857	115.543	96.860
1761667052645363	114.377	96.819
1761667052705439	119.742	96.836
1761667052753807	112.866	96.901
1761667052813545	116.832	96.965
1761667052872106	119.861	97.028
1761667052921091	113.347	97.090
1761667052979714	116.768	97.150
1761667053022955	105.970	97.215
1761667053052312	80.071	97.280
1761667053104350	77.237	97.341
1761667053156743	74.901	97.408
1761667053209405	72.596	97.473
1761667053270385	78.699	97.536
1761667053322110	75.462	97.588
1761667053376268	74.692	97.658
1761667053434529	78.003	97.726
1761667053487496	76.511	97.789
1761667053540202	74.079	97.850
1761667053593525	72.504	97.921
1761667053653146	77.257	97.961
1761667053706090	74.892	97.871
1761667053757430	71.420	97.782
1761667053818437	77.736	97.679
1761667053871344	75.716	97.582
1761667053923746	73.141	97.493
1761667053990471	84.426	97.387
1761667054109741	148.387	97.289
1761667054175528	158.354	97.199
1761667054231609	159.143	97.094
1761667054284352	155.629	96.996
1761667054337187	153.216	96.902
1761667054390260	151.036	96.816
1761667054444540	149.766	96.708
1761667054510238	159.161	96.613
1761667054563768	156.456	96.525
1761667054617197	154.125	96.424
1761667054671870	153.617	96.328
1761667054723511	149.444	96.236
1761667054790933	161.381	96.210
1761667054844068	158.744	96.269
1761667054897268	156.302	96.348
1761667054950361	153.750	96.434
1761667055005298	152.974	96.505
1761667055057497	149.726	96.582
1761667055070074	110.113	96.667
1761667055083031	67.946	96.755
1761667055116125	47.530	96.845
1761667055169572	48.229	96.934
1761667055223049	48.880	97.024
1761667055276018	48.811	97.114
1761667055329604	49.565	97.202
1761667055383333	50.525	97.290
1761667055433061	47.347	97.380
1761667055486799	48.229	97.471
1761667055540031	48.577	97.561
1761667055594826	50.304	97.651
1761667055645735	48.376	97.741
1761667055696003	45.937	97.789
1761667055750383	47.334	97.768
1761667055805313	49.271	97.755
1761667055857492	48.518	97.743
1761667055909319	47.512	97.720
1761667055963576	49.048	97.702
1761667056033095	66.929	97.684
1761667056125283	104.198	97.669
1761667056175394	99.219	97.656
1761667056233995	101.596	97.630
1761667056292600	105.249	97.609
1761667056344329	102.264	97.594
1761667056401977	105.265	97.582
1761667056453085	101.488	97.556
1761667056511832	105.621	97.534
