1761666938225443	44.395000
1761666938519382	286.313000
1761666938578799	289.995000
1761666938622276	275.935000
1761666938695071	292.433000
1761666938745826	286.681000
1761666938798702	284.151000
1761666938850681	279.035000
1761666938903612	275.259000
1761666938953719	269.420000
1761666939005777	266.078000
1761666939058124	262.780000
1761666939109886	258.374000
1761666939163027	255.604000
1761666939213707	249.674000
1761666939292581	272.160000
1761666939345470	269.142000
1761666939396526	264.850000
1761666939448274	260.503000
1761666939476340	232.372000
1761666939478383	182.081000
1761666939481084	128.601000
1761666939484752	75.595000
1761666939489438	23.841000
1761666939548864	31.814000
1761666939593491	24.983000
1761666939644584	24.604000
1761666939697118	25.675000
1761666939748395	25.481000
1761666939800302	25.955000
1761666939852622	26.821000
1761666939903320	26.084000
1761666939954858	26.168000
1761666940007851	27.705000
1761666940056353	24.842000
1761666940107256	24.273000
1761666940159479	25.041000
1761666940210473	24.591000
1761666940269817	32.432000
1761666940272188	86.306000
1761666940276081	38.696000
1761666940343416	54.637000
1761666940344020	106.635000
1761666940359949	71.170000
1761666940361228	123.843000
1761666940361670	72.891000
1761666940366960	129.575000
1761666940367067	78.288000
1761666940384379	43.854000
1761666940384426	95.647000
1761666940384438	43.913000
1761666940384459	95.680000
1761666940384702	44.177000
1761666940419378	27.180000
1761666940470631	26.857000
1761666940522292	27.035000
1761666940573365	26.581000
1761666940624735	26.485000
1761666940675629	25.923000
1761666940727572	26.329000
1761666940778095	25.351000
1761666940830591	26.375000
1761666940889576	33.839000
1761666940935367	28.151000
1761666940985940	27.211000
1761666941036833	26.614000
1761666941096543	34.806000
1761666941097039	86.820000
1761666941100125	38.388000
1761666941100640	90.421000
1761666941101682	39.945000
1761666941151005	37.783000
1761666941203903	39.080000
1761666941244379	28.062000
1761666941294027	26.142000
1761666941347190	27.813000
1761666941400763	29.518000
1761666941451573	28.575000
1761666941502509	27.924000
1761666941553527	27.414000
1761666941606336	28.644000
1761666941658331	29.057000
1761666941709322	28.431000
1761666941761350	28.869000
1761666941811291	27.254000
1761666941864390	28.798000
1761666941916633	29.432000
1761666941967804	29.017000
1761666942018801	28.499000
1761666942069380	27.566000
1761666942121485	28.116000
1761666942173852	28.903000
1761666942224847	28.343000
1761666942275545	27.499000
1761666942327157	27.577000
1761666942379852	28.687000
1761666942437935	34.590000
1761666942490725	35.454000
1761666942542342	35.190000
1761666942592497	33.482000
1761666942646015	35.097000
1761666942698704	35.946000
1761666942749491	34.810000
1761666942801132	34.559000
1761666942852482	33.996000
1761666942905558	35.161000
1761666942957965	35.621000
1761666943009015	34.777000
1761666943058797	32.640000
1761666943111619	33.624000
1761666943165126	35.225000
1761666943215700	33.914000
1761666943268660	34.934000
1761666943320844	35.268000
1761666943371358	33.892000
1761666943424923	35.661000
1761666943488681	46.017000
1761666943541232	45.604000
1761666943593940	45.440000
1761666943646716	45.826000
1761666943699049	45.079000
1761666943751937	44.926000
1761666943806571	46.608000
1761666943859892	47.058000
1761666943912435	46.788000
1761666943965509	46.993000
1761666944017628	46.077000
1761666944070693	46.323000
1761666944123231	45.823000
1761666944175365	45.207000
1761666944228039	44.987000
1761666944283771	47.964000
1761666944335896	47.206000
1761666944387886	46.395000
1761666944441139	46.797000
1761666944501451	55.321000
1761666944566646	66.035000
1761666944622777	67.589000
1761666944678442	68.862000
1761666944728945	65.111000
1761666944784566	66.198000
1761666944840513	67.716000
1761666944896190	69.202000
1761666944946533	65.260000
1761666945002323	66.883000
1761666945058064	68.186000
1761666945114221	69.967000
1761666945164340	65.558000
1761666945219844	66.701000
1761666945275996	68.643000
1761666945331100	69.278000
1761666945381759	65.712000
1761666945437904	67.519000
1761666945493062	67.655000
1761666945550561	70.684000
1761666945615853	81.209000
1761666945674401	85.382000
1761666945727238	82.562000
1761666945786309	86.550000
1761666945837945	83.245000
1761666945890481	80.979000
1761666945949736	85.285000
1761666946001708	81.624000
1761666946060506	85.330000
1761666946112794	82.331000
1761666946171510	85.715000
1761666946223892	82.983000
1761666946276224	80.089000
1761666946335479	84.375000
1761666946387581	80.760000
1761666946446138	84.470000
1761666946498336	81.253000
1761666946557436	85.105000
1761666946604964	76.506000
1761666946658456	74.466000
1761666946718690	79.384000
1761666946772362	77.760000
1761666946826145	76.293000
1761666946880577	76.029000
1761666946939847	80.517000
1761666946993456	78.857000
1761666947047228	77.492000
1761666947101129	76.224000
1761666947154222	74.578000
1761666947214311	79.744000
1761666947268290	78.865000
1761666947322234	77.886000
1761666947375348	75.977000
1761666947429544	75.218000
1761666947488772	79.479000
1761666947542892	78.219000
1761666947596981	77.184000
1761666947653956	79.143000
1761666947711966	82.365000
1761666947769443	84.819000
1761666947820566	80.983000
1761666947879745	85.319000
1761666947928343	78.524000
1761666947987556	82.802000
1761666948038809	79.042000
1761666948096863	82.285000
1761666948154891	85.559000
1761666948205386	80.654000
1761666948263926	84.511000
1761666948314786	79.890000
1761666948372881	82.801000
1761666948424351	79.355000
1761666948481901	81.427000
1761666948539659	84.311000
1761666948590126	79.540000
1761666948648713	83.168000
1761666948698200	77.080000
1761666948753156	77.399000
1761666948809084	78.051000
1761666948864988	78.750000
1761666948919700	78.414000
1761666948975546	79.008000
1761666949031268	79.705000
1761666949085862	79.256000
1761666949142002	80.606000
1761666949197525	81.425000
1761666949246597	75.638000
1761666949302194	76.411000
1761666949357603	76.501000
1761666949413306	77.087000
1761666949469017	77.774000
1761666949523936	77.350000
1761666949579726	78.030000
1761666949635184	78.293000
1761666949690301	78.356000
1761666949749270	84.062000
1761666949801140	81.709000
1761666949853707	79.954000
1761666949912189	83.796000
1761666949964235	81.328000
1761666950022050	84.438000
1761666950077949	85.367000
1761666950126043	79.044000
1761666950185891	84.281000
1761666950238183	82.082000
1761666950296486	85.826000
1761666950348449	83.088000
1761666950400729	80.785000
1761666950459748	85.253000
1761666950511223	82.606000
1761666950563304	80.271000
1761666950622350	84.529000
1761666950674051	81.739000
1761666950732807	85.440000
1761666950782141	80.346000
1761666950836685	80.362000
1761666950891565	80.716000
1761666950946542	81.294000
1761666950994966	75.581000
1761666951050489	76.934000
1761666951105228	77.534000
1761666951160320	78.850000
1761666951215091	79.536000
1761666951270263	80.117000
1761666951325160	80.770000
1761666951374501	75.898000
1761666951428970	76.244000
1761666951484234	77.060000
1761666951539118	77.877000
1761666951594024	78.419000
1761666951649088	79.046000
1761666951703702	79.208000
1761666951759189	80.334000
1761666951816419	83.189000
1761666951866308	78.554000
1761666951924214	81.891000
1761666951975029	78.175000
1761666952031555	80.245000
1761666952089644	83.799000
1761666952140362	80.206000
1761666952197605	82.951000
1761666952248411	79.339000
1761666952305347	81.899000
1761666952355965	78.116000
1761666952413688	81.383000
1761666952464778	77.990000
1761666952522209	80.869000
1761666952579304	83.418000
1761666952629981	79.672000
1761666952687151	82.182000
1761666952737843	78.105000
1761666952795085	80.864000
1761666952852145	82.958000
1761666952902108	78.139000
1761666952958468	79.645000
1761666953015122	81.550000
1761666953071607	82.860000
1761666953122038	78.009000
1761666953178707	79.350000
1761666953234778	80.110000
1761666953291392	81.592000
1761666953347977	83.016000
1761666953398111	77.833000
1761666953455039	79.390000
1761666953511540	80.636000
1761666953568093	82.101000
1761666953624167	82.826000
1761666953674791	78.247000
1761666953730947	79.325000
1761666953787104	80.001000
1761666953843977	81.844000
1761666953894254	77.070000
1761666953950301	78.891000
1761666954006555	80.707000
1761666954056995	77.186000
1761666954113417	79.251000
1761666954169539	80.817000
1761666954219406	76.309000
1761666954276106	78.891000
1761666954332800	81.103000
1761666954388500	82.634000
1761666954438594	78.330000
1761666954495618	80.968000
1761666954551585	82.772000
1761666954602105	79.326000
1761666954658407	81.013000
1761666954714870	83.022000
1761666954764728	78.471000
1761666954821091	80.582000
1761666954875945	80.794000
1761666954934576	84.054000
1761666954985153	78.786000
1761666955041943	80.332000
1761666955098734	82.105000
1761666955149750	78.320000
1761666955206502	80.175000
1761666955263396	81.737000
1761666955320476	83.694000
1761666955370589	78.674000
1761666955428086	81.345000
1761666955484722	82.882000
1761666955541700	84.218000
1761666955592453	79.793000
1761666955649189	81.319000
1761666955705737	82.640000
1761666955756274	77.671000
1761666955813738	80.107000
1761666955871509	82.664000
1761666955927455	83.958000
1761666955976988	78.398000
1761666956032784	79.680000
1761666956088338	80.117000
1761666956144040	80.680000
1761666956199984	81.638000
1761666956255591	82.347000
1761666956304873	76.985000
1761666956360316	77.857000
1761666956416090	78.484000
1761666956471193	78.408000
1761666956527240	79.325000
1761666956582700	79.877000
1761666956638451	80.818000
1761666956694242	81.649000
1761666956749637	82.158000
1761666956799050	75.893000
1761666956860987	82.701000
1761666956910456	77.295000
1761666956965926	77.415000
1761666957022740	79.007000
1761666957078488	80.045000
1761666957135281	82.518000
1761666957185147	78.483000
1761666957240819	79.920000
1761666957297401	81.080000
1761666957353717	82.557000
1761666957403365	77.536000
1761666957459859	78.579000
1761666957516533	79.646000
1761666957566554	78.193000
1761666957623153	80.161000
1761666957678842	81.532000
1761666957729224	77.867000
1761666957785572	78.492000
1761666957841760	79.936000
1761666957900985	84.178000
1761666957953692	82.047000
1761666958004443	77.568000
1761666958061137	78.775000
1761666958117459	80.119000
1761666958174708	82.096000
1761666958231418	83.682000
1761666958281676	78.654000
1761666958337961	79.475000
1761666958395211	81.977000
1761666958451923	83.437000
1761666958502488	78.753000
1761666958559270	80.402000
1761666958616014	81.820000
1761666958672222	82.916000
1761666958722744	77.895000
1761666958779982	79.696000
1761666958836574	81.002000
1761666958893279	82.824000
1761666958943846	78.260000
1761666959000993	80.243000
1761666959056733	80.618000
1761666959113404	81.507000
1761666959163541	77.273000
1761666959219480	79.148000
1761666959276129	81.254000
1761666959326803	77.738000
1761666959382834	79.562000
1761666959438572	81.119000
1761666959488705	76.793000
1761666959548024	82.126000
1761666959600717	80.439000
1761666959652216	77.486000
1761666959708360	79.115000
1761666959765349	81.470000
1761666959820810	82.592000
1761666959869684	77.268000
1761666959927500	80.667000
1761666959977906	76.701000
1761666960034051	78.560000
1761666960090102	80.276000
1761666960148312	83.006000
1761666960198890	78.278000
1761666960256266	80.880000
1761666960314121	83.357000
1761666960365948	79.591000
1761666960422351	80.590000
1761666960480249	83.727000
1761666960531369	79.621000
1761666960588966	82.048000
1761666960640090	78.581000
1761666960698177	81.449000
1761666960753302	81.841000
1761666960806302	80.331000
1761666960862577	81.811000
1761666960913282	77.287000
1761666960971363	80.112000
1761666961028137	81.484000
1761666961079265	77.462000
1761666961138597	81.610000
1761666961195694	83.102000
1761666961244492	76.715000
1761666961301091	78.195000
1761666961358391	80.229000
1761666961416464	83.388000
1761666961465273	77.185000
1761666961524230	81.043000
1761666961581175	83.069000
1761666961631353	77.869000
1761666961688093	79.331000
1761666961745512	81.605000
1761666961802469	83.405000
1761666961852647	78.621000
1761666961909885	81.056000
1761666961966800	82.503000
1761666962022538	83.289000
1761666962072658	78.284000
1761666962131736	82.419000
1761666962179766	75.788000
1761666962236027	77.559000
1761666962292434	78.914000
1761666962350712	82.063000
1761666962406980	83.626000
1761666962457530	79.314000
1761666962513377	80.267000
1761666962570131	81.782000
1761666962626117	82.679000
1761666962682495	84.173000
1761666962732995	79.093000
1761666962789018	79.945000
1761666962845632	82.090000
1761666962901543	82.514000
1761666962950276	76.355000
1761666963007900	78.893000
1761666963064436	79.946000
1761666963120941	81.183000
1761666963176783	82.119000
1761666963233151	83.526000
1761666963282540	77.502000
1761666963339418	79.020000
1761666963394614	78.816000
1761666963450932	80.069000
1761666963506806	80.989000
1761666963562835	82.178000
1761666963612583	76.761000
1761666963668644	77.572000
1761666963724902	78.710000
1761666963781339	79.624000
1761666963836895	79.928000
1761666963893126	80.964000
1761666963949014	82.087000
1761666963999014	77.209000
1761666964054843	78.015000
1761666964111143	78.978000
1761666964167333	80.181000
1761666964223824	81.823000
1761666964279624	82.955000
1761666964328740	77.276000
1761666964387214	80.998000
1761666964442446	81.602000
1761666964493115	78.046000
1761666964551166	81.565000
1761666964603519	79.760000
1761666964658016	79.823000
1761666964717401	84.432000
1761666964767010	79.662000
1761666964824160	82.368000
1761666964877308	81.158000
1761666964930144	79.523000
1761666964988207	82.939000
1761666965038891	79.198000
1761666965095807	81.559000
1761666965147050	78.445000
1761666965203854	80.795000
1761666965260774	83.327000
1761666965311496	79.404000
1761666965367601	80.299000
1761666965423502	81.143000
1761666965479746	82.252000
1761666965529397	76.509000
1761666965585362	76.983000
1761666965640992	77.208000
1761666965696343	77.443000
1761666965753562	79.402000
1761666965809843	80.717000
1761666965866372	82.168000
1761666965920581	80.936000
1761666965971471	76.707000
1761666966026387	76.367000
1761666966083842	78.608000
1761666966139698	79.325000
1761666966195701	79.961000
1761666966251946	81.172000
1761666966307922	82.156000
1761666966357788	76.953000
1761666966414987	79.531000
1761666966472449	81.839000
1761666966529955	83.892000
1761666966580663	79.332000
1761666966638089	82.142000
1761666966689170	78.093000
1761666966746424	79.768000
1761666966803984	82.321000
1761666966854857	77.674000
1761666966912401	79.438000
1761666966969825	81.460000
1761666967027389	84.000000
1761666967078562	79.398000
1761666967135845	81.975000
1761666967193096	84.319000
1761666967244343	79.890000
1761666967301473	82.292000
1761666967359042	84.720000
1761666967409691	79.664000
1761666967466229	81.069000
1761666967522542	83.022000
1761666967572006	78.250000
1761666967628302	80.224000
1761666967684564	82.114000
1761666967734531	77.748000
1761666967790493	79.247000
1761666967846543	80.767000
1761666967896463	76.236000
1761666967952608	78.085000
1761666968008716	80.175000
1761666968064799	81.822000
1761666968114780	77.622000
1761666968171091	79.750000
1761666968226862	81.122000
1761666968276843	76.753000
1761666968333091	78.984000
1761666968389070	80.718000
1761666968445374	82.658000
1761666968496156	78.473000
1761666968553030	79.939000
1761666968610319	82.493000
1761666968660964	78.088000
1761666968718006	79.928000
1761666968775278	82.438000
1761666968826048	77.964000
1761666968883395	79.709000
1761666968940249	80.744000
1761666968997614	82.868000
1761666969048257	78.064000
1761666969105247	79.691000
1761666969162384	81.868000
1761666969219779	84.448000
1761666969270513	79.744000
1761666969327484	81.349000
1761666969384842	84.026000
1761666969437331	81.193000
1761666969490864	80.059000
1761666969548882	82.801000
1761666969598930	78.444000
1761666969654695	79.681000
1761666969713818	83.802000
1761666969765381	80.564000
1761666969815640	75.963000
1761666969873386	78.647000
1761666969929439	79.218000
1761666969985335	80.273000
1761666970041572	81.835000
1761666970091307	77.028000
1761666970147575	77.868000
1761666970203780	80.161000
1761666970259794	80.709000
1761666970315829	81.832000
1761666970371908	82.650000
1761666970421937	77.373000
1761666970478052	78.209000
1761666970534214	79.063000
1761666970590982	80.388000
1761666970648157	83.025000
1761666970698500	77.322000
1761666970755385	78.886000
1761666970811875	80.250000
1761666970868790	81.977000
1761666970925665	83.333000
1761666970976059	78.639000
1761666971032891	80.564000
1761666971089717	82.387000
1761666971139879	77.762000
1761666971196664	79.805000
1761666971253709	82.366000
1761666971310351	83.649000
1761666971360891	79.006000
1761666971417482	80.409000
1761666971474535	82.436000
1761666971524983	78.419000
1761666971581892	80.122000
1761666971638071	80.769000
1761666971694293	81.802000
1761666971750665	83.040000
1761666971800819	77.813000
1761666971857102	78.890000
1761666971913248	80.229000
1761666971969636	81.496000
1761666972025958	82.666000
1761666972075938	77.211000
1761666972132049	78.480000
1761666972188482	80.139000
1761666972244909	81.839000
1761666972294727	76.689000
1761666972351312	77.951000
1761666972407527	79.014000
1761666972463904	80.807000
1761666972519875	81.329000
1761666972576421	82.752000
1761666972632707	83.482000
1761666972683068	78.539000
1761666972739363	79.395000
1761666972795822	81.046000
1761666972852044	82.127000
1761666972908495	83.208000
1761666972958823	78.462000
1761666973014994	79.761000
1761666973071425	81.529000
1761666973127859	82.484000
1761666973177839	77.195000
1761666973234536	78.565000
1761666973290987	79.546000
1761666973347644	81.043000
1761666973403651	82.185000
1761666973453784	77.211000
1761666973510147	78.317000
1761666973566600	80.240000
1761666973623319	81.846000
1761666973679511	83.227000
1761666973729721	78.456000
1761666973785947	79.876000
1761666973841886	80.846000
1761666973896779	80.908000
1761666973946645	75.563000
1761666974004645	78.800000
1761666974060878	79.635000
1761666974117110	81.168000
1761666974173535	82.832000
1761666974223272	77.116000
1761666974279737	78.401000
1761666974335704	78.751000
1761666974391525	79.520000
1761666974448472	80.907000
1761666974504694	82.210000
1761666974560769	82.921000
1761666974611031	78.078000
1761666974665752	77.472000
1761666974722005	78.128000
1761666974780172	81.029000
1761666974836849	82.437000
1761666974887252	77.410000
1761666974944242	79.205000
1761666975001126	80.605000
1761666975057961	82.373000
1761666975108546	77.577000
1761666975165149	78.715000
1761666975222061	80.878000
1761666975278974	82.545000
1761666975329359	77.649000
1761666975386437	79.582000
1761666975442853	80.834000
1761666975499997	83.164000
1761666975550339	78.332000
1761666975607141	80.106000
1761666975663922	82.024000
1761666975714748	77.911000
1761666975771511	79.354000
1761666975828775	81.319000
1761666975885866	83.170000
1761666975936565	78.987000
1761666975993585	80.704000
1761666976050467	81.997000
1761666976107534	83.733000
1761666976158368	79.085000
1761666976215368	80.719000
1761666976272402	82.718000
1761666976323033	78.383000
1761666976380327	80.820000
1761666976437230	82.824000
1761666976488002	78.417000
1761666976545055	80.453000
1761666976602002	82.511000
1761666976653025	78.378000
1761666976710104	80.058000
1761666976766929	82.065000
1761666976817516	77.392000
1761666976873953	79.212000
1761666976929928	80.094000
1761666976985908	80.764000
1761666977042380	82.386000
1761666977091872	76.864000
1761666977148181	78.223000
1761666977204164	79.417000
1761666977260297	80.863000
1761666977316327	82.008000
1761666977372426	83.034000
1761666977421818	77.907000
1761666977478350	79.034000
1761666977534503	80.713000
1761666977590449	81.647000
1761666977640383	76.286000
1761666977696322	77.611000
1761666977754628	80.385000
1761666977807136	77.711000
1761666977863424	79.034000
1761666977921235	81.894000
1761666977971235	77.141000
1761666978029908	80.693000
1761666978086815	82.623000
1761666978136754	77.183000
1761666978193216	78.210000
1761666978250998	80.998000
1761666978302952	77.795000
1761666978359692	78.890000
1761666978417241	81.156000
1761666978474388	83.003000
1761666978525349	78.803000
1761666978582376	80.678000
1761666978639403	82.802000
1761666978690100	78.526000
1761666978747388	80.021000
1761666978804703	81.854000
1761666978855214	78.080000
1761666978912376	79.936000
1761666978969667	81.784000
1761666979027610	84.735000
1761666979078406	79.918000
1761666979137223	83.963000
1761666979189571	82.009000
1761666979243901	81.710000
1761666979295514	78.967000
1761666979355872	84.291000
1761666979406497	80.418000
1761666979459907	79.352000
1761666979518705	83.755000
1761666979571300	82.019000
1761666979627609	83.824000
1761666979676477	78.288000
1761666979736753	84.180000
1761666979786175	79.361000
1761666979843514	82.392000
1761666979895329	78.555000
1761666979952419	79.602000
1761666980008469	80.663000
1761666980061789	79.354000
1761666980111332	77.139000
1761666980166672	77.917000
1761666980223160	80.063000
1761666980278598	81.172000
1761666980327750	75.752000
1761666980382877	76.565000
1761666980438236	77.390000
1761666980493538	78.586000
1761666980549296	80.078000
1761666980604503	80.941000
1761666980659764	81.976000
1761666980709153	75.949000
1761666980764524	76.420000
1761666980819681	76.392000
1761666980874960	76.778000
1761666980929956	76.731000
1761666980985704	77.581000
1761666981044001	81.286000
1761666981102375	84.759000
1761666981154377	81.451000
1761666981212577	84.609000
1761666981263998	80.359000
1761666981322637	84.031000
1761666981374294	80.003000
1761666981432615	83.009000
1761666981484357	79.263000
1761666981542577	82.172000
1761666981600910	84.745000
1761666981654462	82.574000
1761666981710498	83.818000
1761666981762785	80.933000
1761666981820428	83.683000
1761666981873216	81.235000
1761666981931068	83.942000
1761666981982593	80.208000
1761666982037770	80.418000
1761666982093070	81.148000
1761666982147725	80.773000
1761666982202853	80.954000
1761666982258011	81.348000
1761666982312705	81.127000
1761666982361754	75.803000
1761666982416869	76.045000
1761666982471633	75.763000
1761666982526699	75.880000
1761666982581637	75.785000
1761666982635847	75.138000
1761666982689947	74.182000
1761666982744816	74.228000
1761666982801689	76.074000
1761666982856463	75.947000
1761666982911688	76.165000
1761666982966784	76.047000
1761666983022950	77.123000
1761666983085999	84.709000
1761666983138534	82.462000
1761666983191259	80.839000
1761666983244583	79.518000
1761666983304750	85.159000
1761666983356213	81.908000
1761666983417489	87.088000
1761666983469393	83.563000
1761666983522860	81.342000
1761666983582412	85.598000
1761666983634436	82.391000
1761666983692894	85.860000
1761666983696448	144.403000
1761666983699053	92.019000
1761666983746610	84.148000
1761666983799985	82.516000
1761666983857293	84.556000
1761666983912067	83.447000
1761666983965180	81.423000
1761666984022969	83.836000
1761666984076702	82.088000
1761666984128738	78.930000
1761666984178233	73.330000
1761666984233842	74.458000
1761666984283896	70.114000
1761666984340246	71.925000
1761666984394094	71.145000
1761666984453083	75.612000
1761666984503080	70.867000
1761666984556418	69.330000
1761666984612661	70.795000
1761666984671365	74.951000
1761666984723745	72.423000
1761666984781907	76.077000
1761666984832118	71.403000
1761666984886777	71.246000
1761666984942106	71.725000
1761666984998334	73.183000
1761666985054488	74.363000
1761666985110357	75.599000
1761666985177830	87.539000
1761666985231904	87.232000
1761666985286304	86.396000
1761666985340213	85.426000
1761666985394308	84.403000
1761666985448547	83.230000
1761666985509259	88.337000
1761666985563036	87.006000
1761666985617350	86.401000
1761666985671685	85.188000
1761666985725677	83.543000
1761666985779882	82.502000
1761666985840531	88.154000
1761666985893978	86.270000
1761666985948824	85.772000
1761666986003051	84.021000
1761666986056908	82.917000
1761666986117779	88.147000
1761666986164579	79.672000
1761666986217339	77.364000
1761666986269757	74.721000
1761666986328273	78.309000
1761666986380615	75.745000
1761666986433359	73.748000
1761666986491853	77.393000
1761666986544194	74.830000
1761666986602837	78.502000
1761666986655694	76.109000
1761666986708296	74.142000
1761666986766683	77.685000
1761666986819480	75.575000
1761666986871779	73.506000
1761666986930252	77.148000
1761666986982760	75.019000
1761666987035415	72.925000
1761666987093902	76.443000
1761666987147953	75.365000
1761666987210490	82.943000
1761666987263045	80.880000
1761666987321201	84.361000
1761666987372922	81.843000
1761666987425120	79.685000
1761666987483367	83.285000
1761666987534926	79.235000
1761666987593400	82.841000
1761666987645217	79.748000
1761666987703302	82.849000
1761666987755299	80.231000
1761666987813351	83.509000
1761666987865418	79.706000
1761666987923532	82.513000
1761666987974825	78.676000
1761666988033530	82.409000
1761666988086201	80.143000
1761666988143988	82.717000
1761666988203995	87.213000
1761666988255404	82.953000
1761666988308132	80.024000
1761666988364254	80.772000
1761666988420060	81.841000
1761666988476593	83.247000
1761666988526734	78.317000
1761666988582561	78.731000
1761666988638845	79.530000
1761666988694858	80.554000
1761666988750810	81.577000
1761666988800851	76.876000
1761666988857548	78.363000
1761666988914020	79.700000
1761666988970817	80.953000
1761666989025289	80.417000
1761666989082495	82.134000
1761666989139358	83.874000
1761666989187945	77.279000
1761666989244094	78.059000
1761666989299682	77.780000
1761666989355077	77.961000
1761666989410572	78.444000
1761666989465923	78.951000
1761666989521118	78.947000
1761666989576553	79.247000
1761666989632210	79.870000
1761666989687502	80.085000
1761666989742838	80.325000
1761666989798370	81.077000
1761666989853832	81.119000
1761666989908843	80.835000
1761666989964573	81.812000
1761666990013075	75.208000
1761666990069449	76.694000
1761666990124774	77.255000
1761666990180267	77.041000
1761666990235679	77.602000
1761666990290597	77.235000
1761666990348372	79.679000
1761666990405793	82.319000
1761666990456824	77.823000
1761666990514392	79.954000
1761666990571885	82.179000
1761666990622850	78.129000
1761666990680470	80.747000
1761666990737892	82.737000
1761666990795406	84.802000
1761666990846352	79.532000
1761666990903789	81.424000
1761666990961353	84.159000
1761666991012462	80.044000
1761666991069973	82.116000
1761666991127183	84.438000
1761666991178056	80.011000
1761666991235552	82.163000
1761666991292660	84.261000
1761666991342545	78.507000
1761666991400149	81.023000
1761666991455926	82.165000
1761666991506320	77.244000
1761666991566080	81.631000
1761666991614880	75.237000
1761666991671581	76.594000
1761666991725868	75.825000
1761666991781993	76.667000
1761666991838095	77.379000
1761666991892870	77.022000
1761666991948473	77.313000
1761666992005520	78.911000
1761666992061242	78.882000
1761666992116424	79.416000
1761666992172431	80.515000
1761666992228434	81.436000
1761666992282258	80.166000
1761666992332375	75.502000
1761666992388838	76.757000
1761666992446956	79.821000
1761666992505460	82.667000
1761666992556897	78.730000
1761666992615420	81.803000
1761666992673846	84.979000
1761666992725687	81.285000
1761666992784035	83.996000
1761666992835837	80.364000
1761666992894400	83.488000
1761666992945970	79.767000
1761666993004339	83.085000
1761666993056177	79.495000
1761666993114237	81.454000
1761666993172714	84.559000
1761666993224487	80.604000
1761666993282879	84.009000
1761666993334754	80.952000
1761666993391515	82.392000
1761666993441826	77.533000
1761666993497349	77.773000
1761666993553769	78.630000
1761666993609054	78.845000
1761666993665174	79.933000
1761666993721491	81.800000
1761666993772875	77.970000
1761666993828037	77.885000
1761666993883928	78.590000
1761666993939696	79.550000
1761666993995867	80.941000
1761666994051783	81.877000
1761666994101415	76.666000
1761666994157357	77.354000
1761666994213169	77.815000
1761666994269193	78.865000
1761666994325312	79.325000
1761666994381079	79.426000
1761666994436624	79.727000
1761666994492903	80.756000
1761666994555727	88.408000
1761666994603631	80.666000
1761666994662277	83.415000
1761666994719350	85.129000
1761666994770453	80.818000
1761666994828102	82.784000
1761666994879329	79.436000
1761666994937028	82.125000
1761666994988380	78.532000
1761666995046167	81.576000
1761666995103564	83.259000
1761666995155228	79.420000
1761666995212845	81.416000
1761666995270662	84.033000
1761666995321905	79.895000
1761666995379533	82.392000
1761666995437260	84.812000
1761666995488383	80.291000
1761666995543759	80.293000
1761666995598244	79.711000
1761666995653052	79.360000
1761666995707781	78.561000
1761666995762407	77.718000
1761666995816078	76.603000
1761666995871117	75.954000
1761666995925422	74.830000
1761666995979717	74.282000
1761666996037317	76.497000
1761666996090431	75.049000
1761666996152770	82.496000
1761666996206715	81.339000
1761666996261061	80.599000
1761666996315689	79.880000
1761666996370459	79.683000
1761666996425180	79.439000
1761666996479702	79.043000
1761666996534787	79.312000
1761666996662783	152.141000
1761666996733384	167.131000
1761666996790146	168.503000
1761666996846155	168.886000
1761666996888903	156.904000
1761666996948952	161.499000
1761666997004940	162.451000
1761666997056460	158.804000
1761666997114554	162.080000
1761666997171516	163.437000
1761666997228065	164.940000
1761666997284528	165.085000
1761666997340998	165.531000
1761666997396374	164.769000
1761666997453409	165.836000
1761666997510519	167.540000
1761666997567025	167.502000
1761666997622724	166.716000
1761666997631070	122.490000
1761666997643324	78.842000
1761666997664454	45.273000
1761666997716320	44.326000
1761666997770373	45.551000
1761666997822387	44.727000
1761666997877074	45.756000
1761666997928713	44.753000
1761666997983590	46.894000
1761666998035854	46.325000
1761666998086941	44.719000
1761666998139102	43.986000
1761666998194059	46.185000
1761666998246005	45.485000
1761666998297194	43.960000
1761666998351130	44.806000
1761666998402787	43.623000
1761666998459125	47.248000
1761666998510238	45.359000
1761666998561915	44.116000
1761666998641533	71.394000
1761666998711265	86.266000
1761666998768381	88.117000
1761666998824748	89.594000
1761666998880907	90.485000
1761666998930244	85.220000
1761666998986713	86.618000
1761666999042860	87.677000
1761666999098990	88.917000
1761666999155359	90.799000
1761666999204851	85.388000
1761666999260932	86.611000
1761666999317439	88.070000
1761666999373525	89.196000
1761666999429821	90.693000
1761666999478973	85.145000
1761666999536070	86.637000
1761666999590090	85.484000
1761666999646352	87.259000
1761666999726127	112.617000
1761666999785581	115.901000
1761666999846109	121.814000
1761666999894419	115.261000
1761666999954623	119.293000
1761667000005009	114.924000
1761667000067649	122.369000
1761667000115755	115.673000
1761667000176949	120.992000
1761667000226548	115.751000
1761667000286015	119.634000
1761667000338483	116.471000
1761667000398275	120.154000
1761667000458235	124.464000
1761667000509945	120.354000
1761667000567548	122.235000
1761667000618270	117.884000
1761667000677410	121.725000
1761667000714977	103.844000
1761667000748898	81.752000
1761667000794838	72.330000
1761667000852320	75.191000
1761667000903644	71.671000
1761667000961378	74.584000
1761667001018593	77.139000
1761667001069469	72.902000
1761667001125093	73.758000
1761667001176182	70.207000
1761667001235551	74.861000
1761667001290147	74.750000
1761667001341590	71.444000
1761667001401116	76.225000
1761667001452692	73.854000
1761667001506897	73.697000
1761667001558886	71.744000
1761667001616953	75.798000
1761667001667230	72.193000
1761667001732074	82.770000
1761667001854666	151.039000
1761667001909589	150.778000
1761667001975793	161.730000
1761667002029190	158.967000
1761667002086362	159.700000
1761667002138615	156.690000
1761667002192240	154.940000
1761667002245623	153.407000
1761667002302308	154.418000
1761667002355344	151.899000
1761667002422031	163.248000
1761667002476166	161.130000
1761667002528026	157.403000
1761667002584203	157.895000
1761667002638283	156.323000
1761667002692898	156.650000
1761667002746768	155.629000
1761667002800961	154.545000
1761667002812230	113.053000
1761667002825992	71.328000
1761667002855037	47.039000
1761667002910577	49.687000
1761667002962103	48.243000
1761667003015002	48.009000
1761667003067970	48.025000
1761667003120130	47.048000
1761667003175444	49.368000
1761667003228092	48.810000
1761667003279812	47.575000
1761667003332278	46.898000
1761667003388066	49.746000
1761667003440214	48.825000
1761667003493250	48.873000
1761667003545511	48.136000
1761667003597882	47.443000
1761667003653709	50.332000
1761667003706084	49.630000
1761667003774434	66.252000
1761667003860859	97.731000
1761667003915840	96.702000
1761667003970874	95.703000
1761667004025980	95.388000
1761667004080775	95.002000
1761667004135741	94.592000
1761667004190893	94.342000
1761667004245739	93.677000
1761667004300780	93.941000
1761667004355619	93.941000
1761667004411056	94.141000
1761667004465385	92.815000
1761667004520831	92.829000
1761667004583735	100.463000
1761667004639033	99.696000
1761667004693309	98.799000
1761667004749125	99.434000
1761667004803884	98.835000
1761667004854374	96.224000
1761667004914687	100.959000
1761667004975295	105.668000
1761667005027283	102.331000
1761667005087570	107.406000
1761667005139278	102.898000
1761667005200006	109.164000
1761667005251783	105.607000
1761667005303619	101.938000
1761667005364185	106.384000
1761667005415992	102.077000
1761667005476216	107.133000
1761667005528311	103.319000
1761667005588921	108.077000
1761667005640760	104.198000
1761667005701231	108.989000
1761667005752868	104.493000
1761667005813491	108.365000
1761667005859711	102.228000
1761667005903945	90.579000
1761667005963144	94.737000
1761667006014790	91.639000
1761667006066620	88.706000
1761667006126298	93.085000
1761667006178472	90.430000
1761667006236901	93.406000
1761667006289548	90.968000
1761667006348871	95.558000
1761667006400673	92.168000
1761667006452786	89.342000
1761667006511826	93.623000
1761667006563753	90.713000
1761667006623407	95.014000
1761667006675043	91.400000
1761667006727389	88.759000
1761667006786213	91.856000
1761667006838593	88.974000
1761667006911784	109.019000
1761667006969750	112.045000
1761667007030103	116.636000
1761667007084032	115.069000
1761667007144077	120.426000
1761667007192316	113.974000
1761667007250407	116.487000
1761667007308515	119.218000
1761667007354827	110.256000
1761667007414789	114.776000
1761667007472815	116.103000
1761667007530995	119.010000
1761667007579287	112.272000
1761667007637471	114.162000
1761667007695583	117.433000
1761667007753639	120.423000
1761667007801643	113.077000
1761667007860120	115.860000
1761667007903210	104.511000
1761667007933018	79.266000
1761667007988267	79.897000
1761667008043544	80.675000
1761667008098341	81.079000
1761667008147265	75.995000
1761667008201809	76.484000
1761667008256789	77.071000
1761667008311696	77.553000
1761667008366703	78.479000
1761667008421554	79.250000
1761667008476603	79.898000
1761667008531475	80.278000
1761667008586128	80.420000
1761667008635003	75.014000
1761667008689769	75.703000
1761667008744717	75.740000
1761667008799763	75.859000
1761667008860829	81.599000
1761667008915481	80.985000
1761667009030116	140.366000
1761667009093507	147.545000
1761667009144653	143.498000
1761667009207216	150.195000
1761667009258865	146.516000
1761667009309862	143.008000
1761667009372645	149.670000
1761667009423669	145.803000
1761667009486976	152.471000
1761667009536427	146.428000
1761667009588324	143.261000
1761667009650598	149.849000
1761667009702112	146.027000
1761667009765153	153.621000
1761667009816586	148.566000
1761667009866923	143.726000
1761667009930290	151.558000
1761667009970985	136.502000
1761667009986109	97.346000
1761667010003899	58.816000
1761667010052376	54.105000
1761667010104149	52.469000
1761667010156506	51.731000
1761667010212283	54.435000
1761667010264341	53.105000
1761667010316519	52.226000
1761667010371953	54.688000
1761667010424312	53.965000
1761667010476031	51.926000
1761667010528154	51.203000
1761667010583593	53.506000
1761667010635736	52.503000
1761667010691487	55.084000
1761667010743468	54.096000
1761667010795340	52.796000
1761667010847783	52.561000
1761667010899768	51.673000
1761667010971183	71.404000
1761667011071981	115.874000
1761667011131624	119.019000
1761667011191796	124.205000
1761667011241869	118.372000
1761667011302151	123.886000
1761667011351858	118.349000
1761667011411947	123.715000
1761667011462242	118.578000
1761667011522420	123.529000
1761667011572489	118.588000
1761667011632824	123.714000
1761667011682976	118.069000
1761667011742595	121.981000
1761667011792731	116.964000
1761667011852813	122.048000
1761667011903092	116.917000
1761667011963145	121.104000
1761667011998856	101.427000
1761667012031120	76.993000
1761667012078840	70.297000
1761667012132517	69.159000
1761667012186046	68.268000
1761667012244781	72.791000
1761667012298297	72.301000
1761667012351687	71.538000
1761667012405146	71.001000
1761667012458736	70.330000
1761667012512283	68.699000
1761667012565642	67.567000
1761667012625995	73.389000
1761667012678618	71.302000
1761667012730219	68.244000
1761667012786290	69.730000
1761667012837250	66.143000
1761667012896746	71.222000
1761667012950677	70.428000
1761667013011856	76.900000
1761667013143389	153.863000
1761667013200062	155.070000
1761667013256568	156.008000
1761667013312462	156.542000
1761667013370403	159.215000
1761667013424920	157.879000
1761667013481381	158.917000
1761667013538357	160.366000
1761667013594583	160.531000
1761667013652334	163.315000
1761667013709227	164.137000
1761667013763243	161.618000
1761667013819185	161.415000
1761667013875642	161.608000
1761667013933203	162.730000
1761667013988169	160.925000
1761667014043707	160.518000
1761667014099283	159.752000
1761667014113376	122.322000
1761667014125869	78.239000
1761667014147820	45.634000
1761667014202015	46.707000
1761667014256246	47.833000
1761667014310031	48.553000
1761667014361048	46.456000
1761667014415163	47.597000
1761667014468591	47.605000
1761667014520644	46.657000
1761667014576535	49.577000
1761667014627564	47.744000
1761667014678979	46.163000
1761667014732862	47.103000
1761667014787073	48.408000
1761667014837760	46.148000
1761667014891998	47.496000
1761667014946235	48.830000
1761667014996949	46.488000
1761667015076291	73.391000
1761667015148748	90.583000
1761667015200208	87.306000
1761667015258407	90.285000
1761667015316671	94.115000
1761667015367762	90.246000
1761667015425550	92.858000
1761667015476894	88.931000
1761667015535346	92.033000
1761667015585797	87.807000
1761667015644515	91.377000
1761667015695593	87.535000
1761667015754035	90.888000
1761667015811962	93.884000
1761667015862996	89.827000
1761667015921339	93.804000
1761667015972472	89.604000
1761667016030680	92.880000
1761667016082442	89.907000
1761667016150590	103.431000
1761667016216872	114.304000
1761667016274113	116.616000
1761667016329693	117.013000
1761667016385566	116.796000
1761667016432145	108.447000
1761667016488232	108.406000
1761667016544002	109.260000
1761667016600595	110.946000
1761667016655751	110.603000
1761667016712060	110.956000
1761667016767722	110.771000
1761667016823575	110.555000
1761667016879576	110.458000
1761667016935608	110.271000
1761667016991505	111.023000
1761667017050980	114.345000
1761667017101508	109.085000
1761667017149041	102.498000
1761667017189626	87.178000
1761667017239963	82.779000
1761667017293745	82.186000
1761667017345899	79.889000
1761667017403550	82.918000
1761667017455887	80.858000
1761667017514666	85.043000
1761667017566142	81.936000
1761667017618360	79.581000
1761667017676901	83.411000
1761667017728736	80.735000
1761667017787578	85.143000
1761667017839939	82.764000
1761667017892148	80.478000
1761667017948260	81.557000
1761667018002115	81.321000
1761667018060393	84.912000
1761667018112506	82.237000
1761667018214471	129.165000
1761667018284788	144.161000
1761667018332354	136.328000
1761667018391117	138.978000
1761667018449894	141.586000
1761667018497138	134.002000
1761667018556280	137.045000
1761667018615142	139.469000
1761667018674115	143.068000
1761667018721279	134.832000
1761667018780532	137.638000
1761667018839718	140.718000
1761667018898872	144.396000
1761667018946305	135.942000
1761667019005134	138.763000
1761667019063820	141.462000
1761667019122759	144.529000
1761667019161546	127.446000
1761667019182480	93.508000
1761667019203275	58.279000
1761667019256918	58.521000
1761667019310827	59.165000
1761667019360741	56.166000
1761667019415054	57.376000
1761667019469138	58.242000
1761667019523088	59.025000
1761667019572651	55.658000
1761667019626923	56.654000
1761667019681029	57.854000
1761667019734985	58.819000
1761667019784893	55.694000
1761667019838769	56.545000
1761667019892799	57.468000
1761667019946719	58.124000
1761667020001084	59.234000
1761667020050612	55.734000
1761667020104661	56.603000
1761667020182454	81.378000
1761667020289281	133.359000
1761667020348044	137.228000
1761667020407064	140.583000
1761667020465664	143.779000
1761667020512774	135.525000
1761667020572322	139.087000
1761667020630508	141.263000
1761667020678079	133.490000
1761667020736813	136.186000
1761667020796080	139.231000
1761667020854251	141.691000
1761667020901699	132.872000
1761667020959043	134.819000
1761667021021010	140.558000
1761667021077352	140.939000
1761667021126489	135.030000
1761667021186014	138.584000
1761667021228378	124.784000
1761667021248133	87.981000
1761667021272775	57.515000
1761667021325468	57.280000
1761667021378532	57.495000
1761667021431402	57.457000
1761667021484429	56.868000
1761667021537799	57.262000
1761667021590886	56.878000
1761667021644142	56.899000
1761667021697525	57.298000
1761667021750490	56.983000
1761667021804107	56.913000
1761667021857175	56.325000
1761667021910241	55.649000
1761667021962891	54.913000
1761667022016236	55.112000
1761667022071451	57.545000
1761667022124693	57.872000
1761667022174993	54.968000
1761667022254282	81.331000
1761667022373764	144.751000
1761667022420863	136.833000
1761667022481403	141.299000
1761667022541617	145.988000
1761667022592186	141.468000
1761667022647648	141.449000
1761667022695342	134.611000
1761667022756002	139.592000
1761667022816949	144.995000
1761667022862393	135.164000
1761667022925723	142.717000
1761667022982529	143.493000
1761667023030172	136.270000
1761667023091159	141.279000
1761667023151537	146.109000
1761667023199581	138.880000
1761667023257360	140.775000
1761667023296850	124.962000
1761667023323071	95.791000
1761667023338273	55.304000
1761667023392660	56.264000
1761667023445796	56.140000
1761667023497426	54.330000
1761667023552346	55.899000
1761667023606283	56.326000
1761667023657429	54.172000
1761667023711761	54.965000
1761667023765967	55.870000
1761667023817188	53.854000
1761667023872001	55.042000
1761667023926562	56.409000
1761667023977483	53.806000
1761667024032134	54.875000
1761667024086350	55.823000
1761667024137584	53.685000
1761667024191370	53.717000
1761667024246267	54.945000
1761667024319488	75.843000
1761667024430157	130.643000
1761667024485898	130.193000
1761667024541182	130.425000
1761667024596315	129.711000
1761667024651813	130.278000
1761667024707444	129.976000
1761667024762370	129.398000
1761667024816887	129.011000
1761667024873461	129.502000
1761667024929084	130.208000
1761667024984247	130.097000
1761667025039810	129.908000
1761667025094987	129.884000
1761667025151071	130.349000
1761667025205778	133.597000
1761667025261181	134.114000
1761667025316932	133.609000
1761667025358814	120.266000
1761667025381391	87.025000
1761667025408744	59.676000
1761667025463503	60.387000
1761667025517715	61.039000
1761667025572244	61.982000
1761667025627086	63.431000
1761667025677093	59.977000
1761667025731249	60.992000
1761667025786468	62.847000
1761667025836450	59.591000
1761667025891264	60.863000
1761667025945713	62.176000
1761667026005474	68.480000
1761667026049091	58.719000
1761667026103703	59.943000
1761667026159372	62.248000
1761667026214444	64.056000
1761667026263511	58.431000
1761667026334885	75.761000
1761667026462902	147.873000
1761667026516822	146.780000
1761667026580275	154.717000
1761667026632159	150.824000
1761667026683076	146.537000
1761667026747639	155.494000
1761667026798892	150.741000
1761667026849571	146.264000
1761667026912451	154.159000
1761667026964830	150.654000
1761667027016837	147.721000
1761667027068405	143.587000
1761667027135624	155.241000
1761667027183565	147.726000
1761667027235475	144.050000
1761667027297784	150.617000
1761667027350553	148.081000
1761667027403116	145.393000
1761667027421226	109.914000
1761667027432415	65.034000
1761667027474107	53.842000
1761667027524318	50.888000
1761667027585460	58.862000
1761667027635736	55.778000
1761667027684713	51.446000
1761667027736994	50.324000
1761667027789667	49.758000
1761667027842870	49.762000
1761667027896278	49.782000
1761667027949989	50.321000
1761667028003703	50.879000
1761667028057299	51.297000
1761667028109529	50.452000
1761667028162705	50.314000
1761667028216800	51.190000
1761667028269630	50.790000
1761667028323744	51.242000
1761667028396867	72.799000
1761667028488905	108.834000
1761667028539231	104.593000
1761667028593193	103.691000
1761667028653769	109.302000
1761667028707145	107.054000
1761667028762228	106.687000
1761667028815787	105.627000
1761667028869032	104.070000
1761667028931107	110.963000
1761667028984389	108.379000
1761667029036609	104.713000
1761667029090934	103.807000
1761667029153767	110.631000
1761667029207265	108.583000
1761667029260783	106.258000
1761667029313881	104.209000
1761667029376112	110.903000
1761667029429527	108.514000
1761667029476519	101.634000
1761667029517705	86.611000
1761667029571834	85.391000
1761667029626355	84.078000
1761667029680624	82.676000
1761667029742057	88.572000
1761667029796294	87.634000
1761667029850411	86.907000
1761667029905361	86.753000
1761667029959439	85.722000
1761667030013271	83.588000
1761667030068417	83.422000
1761667030122741	82.510000
1761667030177208	82.106000
1761667030238603	88.378000
1761667030293071	86.573000
1761667030347341	85.577000
1761667030401615	84.041000
1761667030463052	89.809000
1761667030540758	113.090000
1761667030618549	135.765000
1761667030673520	135.456000
1761667030729072	135.160000
1761667030784114	134.539000
1761667030839767	133.941000
1761667030895268	133.249000
1761667030950335	133.162000
1761667031005531	132.653000
1761667031061245	132.235000
1761667031116179	131.201000
1761667031171758	130.668000
1761667031226891	130.235000
1761667031282252	129.665000
1761667031337708	129.782000
1761667031393443	129.785000
1761667031448296	129.186000
1761667031503882	129.182000
1761667031545775	115.715000
1761667031568381	83.128000
1761667031600408	60.274000
1761667031655589	61.387000
1761667031710687	62.771000
1761667031765672	64.260000
1761667031816483	61.468000
1761667031871524	63.098000
1761667031921836	59.766000
1761667031976787	61.204000
1761667032032144	63.153000
1761667032087283	64.979000
1761667032137891	61.825000
1761667032193074	62.845000
1761667032248391	64.082000
1761667032303402	65.005000
1761667032353676	60.938000
1761667032408965	61.855000
1761667032464085	62.891000
1761667032536607	81.570000
1761667032668452	157.314000
1761667032720107	152.717000
1761667032773472	151.298000
1761667032824842	147.072000
1761667032891209	157.876000
1761667032942903	153.311000
1761667032996792	151.372000
1761667033048543	147.548000
1761667033114674	158.184000
1761667033166282	154.031000
1761667033219436	152.210000
1761667033270775	148.296000
1761667033324233	146.506000
1761667033389072	155.662000
1761667033442533	152.726000
1761667033493989	149.107000
1761667033547143	146.687000
1761667033602394	145.717000
1761667033615617	104.358000
1761667033628942	62.027000
1761667033669769	49.681000
1761667033721205	48.040000
1761667033775923	49.685000
1761667033830342	51.074000
1761667033881426	48.861000
1761667033935882	50.292000
1761667033987307	48.614000
1761667034042112	50.206000
1761667034096483	51.246000
1761667034148255	49.967000
1761667034202442	51.190000
1761667034253884	49.666000
1761667034305115	47.947000
1761667034359777	49.503000
1761667034414408	51.172000
1761667034465237	48.625000
1761667034519907	50.327000
1761667034587990	66.434000
1761667034684878	107.783000
1761667034737929	105.489000
1761667034790609	102.854000
1761667034852089	108.747000
1761667034904678	106.090000
1761667034957906	104.197000
1761667035019059	110.034000
1761667035072056	108.232000
1761667035124842	106.016000
1761667035177579	103.791000
1761667035239136	109.339000
1761667035291887	106.318000
1761667035344631	103.990000
1761667035406239	110.512000
1761667035458940	108.145000
1761667035511828	105.459000
1761667035564388	103.182000
1761667035626253	109.924000
1761667035667695	99.113000
1761667035708482	83.710000
1761667035765122	85.079000
1761667035819835	84.540000
1761667035879216	89.008000
1761667035928151	83.112000
1761667035984647	84.962000
1761667036039399	85.139000
1761667036094433	85.410000
1761667036149589	85.986000
1761667036204595	85.597000
1761667036259581	84.868000
1761667036314451	83.881000
1761667036369385	83.924000
1761667036424175	83.516000
1761667036479163	83.453000
1761667036533930	83.276000
1761667036588809	82.801000
1761667036650404	88.664000
1761667036744450	127.416000
1761667036813277	140.826000
1761667036859749	131.750000
1761667036917628	134.392000
1761667036975801	136.567000
1761667037033245	138.424000
1761667037091181	140.714000
1761667037137381	131.594000
1761667037195825	134.639000
1761667037253765	136.569000
1761667037311479	138.752000
1761667037368966	141.240000
1761667037415597	132.854000
1761667037473985	135.473000
1761667037531873	137.538000
1761667037589211	138.165000
1761667037647507	140.876000
1761667037685770	123.351000
1761667037706979	88.995000
1761667037732949	58.769000
1761667037788566	60.813000
1761667037840088	58.464000
1761667037895992	60.577000
1761667037947371	58.146000
1761667038003593	60.704000
1761667038055004	58.132000
1761667038110875	60.444000
1761667038162153	58.054000
1761667038218191	60.586000
1761667038269503	58.383000
1761667038325380	60.779000
1761667038376984	58.637000
1761667038432664	60.812000
1761667038484250	58.628000
1761667038540158	61.075000
1761667038591568	58.686000
1761667038670836	84.396000
1761667038776958	134.661000
1761667038836107	137.766000
1761667038894640	140.308000
1761667038958013	148.574000
1761667039002025	137.618000
1761667039059210	138.944000
1761667039121495	145.664000
1761667039165425	134.619000
1761667039225585	139.490000
1761667039285615	143.907000
1761667039333323	136.240000
1761667039391424	138.334000
1761667039450770	141.996000
1761667039498245	134.189000
1761667039556723	137.343000
1761667039615478	140.774000
1761667039673673	143.203000
1761667039712580	125.971000
1761667039739536	97.177000
1761667039755266	57.015000
1761667039806171	54.400000
1761667039861519	56.368000
1761667039912970	54.912000
1761667039968805	57.367000
1761667040020690	55.641000
1761667040072091	54.003000
1761667040127928	56.427000
1761667040180193	54.907000
1761667040236280	57.260000
1761667040288374	55.601000
1761667040343736	57.494000
1761667040395433	56.316000
1761667040447271	54.508000
1761667040502567	56.129000
1761667040554823	54.692000
1761667040610662	56.665000
1761667040661950	54.901000
1761667040738156	79.073000
1761667040850433	135.096000
1761667040905650	134.283000
1761667040962081	134.789000
1761667041019178	135.883000
1761667041072381	133.994000
1761667041130117	136.546000
1761667041186353	137.904000
1761667041243168	138.566000
1761667041287637	127.495000
1761667041343886	128.025000
1761667041400402	128.846000
1761667041455740	129.273000
1761667041512488	130.899000
1761667041567751	130.726000
1761667041624438	131.723000
1761667041679881	131.115000
1761667041736330	131.715000
1761667041778356	118.131000
1761667041805798	89.537000
1761667041830240	59.421000
1761667041881971	57.906000
1761667041938299	60.779000
1761667041991095	60.385000
1761667042043329	59.320000
1761667042097256	59.969000
1761667042150028	59.319000
1761667042202225	58.272000
1761667042259187	62.264000
1761667042311530	61.291000
1761667042364414	60.421000
1761667042416269	59.173000
1761667042469516	59.189000
1761667042526325	62.879000
1761667042577128	60.446000
1761667042631507	61.338000
1761667042682890	59.195000
1761667042752661	75.837000
1761667042876215	143.998000
1761667042938184	150.172000
1761667042987664	143.785000
1761667043049591	150.035000
1761667043099821	143.897000
1761667043161481	150.052000
1761667043211412	144.439000
1761667043272448	150.977000
1761667043322517	145.105000
1761667043384683	151.436000
1761667043434033	144.808000
1761667043483091	138.214000
1761667043546760	146.137000
1761667043594958	139.200000
1761667043656853	144.949000
1761667043706486	139.664000
1761667043767815	145.321000
1761667043807934	129.945000
1761667043826275	92.093000
1761667043841117	51.687000
1761667043896901	54.251000
1761667043948856	53.116000
1761667044000780	51.967000
1761667044052938	50.899000
1761667044108887	53.685000
1761667044160731	52.279000
1761667044216508	54.728000
1761667044268573	53.417000
1761667044320335	51.632000
1761667044376211	54.559000
1761667044427991	52.861000
1761667044480131	51.789000
1761667044535582	54.382000
1761667044587521	52.766000
1761667044639695	51.510000
1761667044695295	53.971000
1761667044750235	55.535000
1761667044811667	64.788000
1761667044928425	125.743000
1761667044978415	120.800000
1761667045032164	119.171000
1761667045093951	125.379000
1761667045147533	123.638000
1761667045200470	121.737000
1761667045261942	127.893000
1761667045315118	125.506000
1761667045366780	122.329000
1761667045427735	127.900000
1761667045479695	123.921000
1761667045532947	121.766000
1761667045585719	118.988000
1761667045648429	125.869000
1761667045698958	120.830000
1761667045761029	127.393000
1761667045813086	124.570000
1761667045856667	112.743000
1761667045880796	81.344000
1761667045923134	68.104000
1761667045978597	69.087000
1761667046029679	65.480000
1761667046085596	67.077000
1761667046142135	69.365000
1761667046193361	66.028000
1761667046249559	67.666000
1761667046305843	69.668000
1761667046356669	66.014000
1761667046412574	67.409000
1761667046468593	69.060000
1761667046520005	65.841000
1761667046576220	67.484000
1761667046632472	69.479000
1761667046683283	65.777000
1761667046739369	67.459000
1761667046795310	69.195000
1761667046846640	66.112000
1761667046995502	160.579000
1761667047049521	158.866000
1761667047103745	157.220000
1761667047156882	155.007000
1761667047211646	154.187000
1761667047264641	154.478000
1761667047318861	153.638000
1761667047372400	151.983000
1761667047426601	150.779000
1761667047480357	149.383000
1761667047548288	162.277000
1761667047602468	160.784000
1761667047655817	158.255000
1761667047708992	155.517000
1761667047763768	155.283000
1761667047816908	153.053000
1761667047868978	149.360000
1761667047922788	148.645000
1761667047935824	108.379000
1761667047950259	67.289000
1761667047987325	50.755000
1761667048036212	46.558000
1761667048090413	47.822000
1761667048143282	47.886000
1761667048197484	48.986000
1761667048252479	50.840000
1761667048306993	52.299000
1761667048356537	48.876000
1761667048410068	49.461000
1761667048463287	49.773000
1761667048513268	46.781000
1761667048570121	50.890000
1761667048574933	108.446000
1761667048575363	56.132000
1761667048620110	47.726000
1761667048674727	49.705000
1761667048728090	50.237000
1761667048781252	50.203000
1761667048832195	48.043000
1761667048907762	70.819000
1761667048985211	93.228000
1761667049040424	92.440000
1761667049102673	99.220000
1761667049158490	99.528000
1761667049210170	95.538000
1761667049264820	94.946000
1761667049321125	95.787000
1761667049376012	95.227000
1761667049428160	92.201000
1761667049483020	92.255000
1761667049537831	91.982000
1761667049592063	91.061000
1761667049651202	95.758000
1761667049711114	100.101000
1761667049763562	97.842000
1761667049818206	97.655000
1761667049872895	97.463000
1761667049927669	96.898000
1761667049986376	102.202000
1761667050048319	108.240000
1761667050099839	104.038000
1761667050160169	108.468000
1761667050211859	104.574000
1761667050263738	101.478000
1761667050323842	106.311000
1761667050375707	103.026000
1761667050434923	107.686000
1761667050486328	103.507000
1761667050538235	100.728000
1761667050602990	110.312000
1761667050653076	104.903000
1761667050702154	99.110000
1761667050763794	105.284000
1761667050817503	104.148000
1761667050874254	104.771000
1761667050928087	103.377000
1761667050974544	98.118000
1761667051026047	94.325000
1761667051077782	90.602000
1761667051136861	94.240000
1761667051188494	90.858000
1761667051247920	95.152000
1761667051299088	90.914000
1761667051350994	87.975000
1761667051409622	92.153000
1761667051461859	89.751000
1761667051520874	93.412000
1761667051572848	90.684000
1761667051631629	93.969000
1761667051683703	91.078000
1761667051742738	95.402000
1761667051794572	92.228000
1761667051846321	88.177000
1761667051905188	91.223000
1761667051966078	96.693000
1761667052035469	111.062000
1761667052101240	121.540000
1761667052147222	112.523000
1761667052206798	116.834000
1761667052265518	120.739000
1761667052313563	113.503000
1761667052373899	118.757000
1761667052430317	120.007000
1761667052479218	113.993000
1761667052538352	118.209000
1761667052590857	115.543000
1761667052645363	114.377000
1761667052705439	119.742000
1761667052753807	112.866000
1761667052813545	116.832000
1761667052872106	119.861000
1761667052921091	113.347000
1761667052979714	116.768000
1761667053022955	105.970000
1761667053052312	80.071000
1761667053104350	77.237000
1761667053156743	74.901000
1761667053209405	72.596000
1761667053270385	78.699000
1761667053322110	75.462000
1761667053376268	74.692000
1761667053434529	78.003000
1761667053487496	76.511000
1761667053540202	74.079000
1761667053593525	72.504000
1761667053653146	77.257000
1761667053706090	74.892000
1761667053757430	71.420000
1761667053818437	77.736000
1761667053871344	75.716000
1761667053923746	73.141000
1761667053990471	84.426000
1761667054109741	148.387000
1761667054175528	158.354000
1761667054231609	159.143000
1761667054284352	155.629000
1761667054337187	153.216000
1761667054390260	151.036000
1761667054444540	149.766000
1761667054510238	159.161000
1761667054563768	156.456000
1761667054617197	154.125000
1761667054671870	153.617000
1761667054723511	149.444000
1761667054790933	161.381000
1761667054844068	158.744000
1761667054897268	156.302000
1761667054950361	153.750000
1761667055005298	152.974000
1761667055057497	149.726000
1761667055070074	110.113000
1761667055083031	67.946000
1761667055116125	47.530000
1761667055169572	48.229000
1761667055223049	48.880000
1761667055276018	48.811000
1761667055329604	49.565000
1761667055383333	50.525000
1761667055433061	47.347000
1761667055486799	48.229000
1761667055540031	48.577000
1761667055594826	50.304000
1761667055645735	48.376000
1761667055696003	45.937000
1761667055750383	47.334000
1761667055805313	49.271000
1761667055857492	48.518000
1761667055909319	47.512000
1761667055963576	49.048000
1761667056033095	66.929000
1761667056125283	104.198000
1761667056175394	99.219000
1761667056233995	101.596000
1761667056292600	105.249000
1761667056344329	102.264000
1761667056401977	105.265000
1761667056453085	101.488000
1761667056511832	105.621000
