1761586285654477	56.703000
1761586285954497	304.273000
1761586285990292	284.090000
1761586286049687	286.849000
1761586286119713	300.768000
1761586286175912	300.886000
1761586286228300	297.193000
1761586286279261	291.953000
1761586286331430	288.101000
1761586286409575	310.080000
1761586286474030	319.204000
1761586286526214	316.071000
1761586286578942	313.601000
1761586286654310	332.763000
1761586286706167	328.176000
1761586286758097	324.645000
1761586286811087	322.190000
1761586286910860	365.442000
1761586286938666	336.241000
1761586286940146	281.244000
1761586286943762	230.818000
1761586286946002	177.761000
1761586286947355	123.522000
1761586286948546	68.955000
1761586286972341	40.740000
1761586287023715	40.652000
1761586287074067	39.338000
1761586287128147	41.877000
1761586287181263	43.436000
1761586287230211	40.820000
1761586287231528	93.701000
1761586287232831	43.440000
1761586287281960	40.954000
1761586287335648	43.125000
1761586287383002	38.924000
1761586287435894	40.311000
1761586287486376	39.202000
1761586287538878	40.144000
1761586287588391	38.139000
1761586287640158	38.371000
1761586287693167	39.871000
1761586287746464	41.589000
1761586287794995	38.242000
1761586287846659	38.372000
1761586287900165	40.335000
1761586287948187	36.820000
1761586288003760	40.854000
1761586288006589	95.222000
1761586288007900	44.994000
1761586288054344	39.896000
1761586288055394	92.488000
1761586288056155	41.707000
1761586288102628	36.653000
1761586288156014	38.514000
1761586288205601	36.562000
1761586288256923	36.377000
1761586288311010	38.946000
1761586288365196	41.597000
1761586288413678	38.578000
1761586288466098	39.491000
1761586288517862	39.715000
1761586288519492	92.885000
1761586288520309	42.162000
1761586288566853	37.207000
1761586288617581	36.392000
1761586288669854	36.811000
1761586288721334	36.808000
1761586288775034	39.063000
1761586288829591	41.712000
1761586288882579	43.137000
1761586288934464	43.535000
1761586288986582	44.044000
1761586289037574	43.471000
1761586289087642	42.014000
1761586289138335	41.157000
1761586289189991	41.296000
1761586289240128	39.842000
1761586289294539	42.770000
1761586289344278	40.972000
1761586289396561	41.736000
1761586289398384	95.078000
1761586289399660	44.835000
1761586289446587	40.223000
1761586289498593	40.748000
1761586289551055	41.666000
1761586289599604	38.636000
1761586289652758	40.153000
1761586289704302	40.154000
1761586289758113	42.437000
1761586289808372	41.195000
1761586289864001	44.729000
1761586289917289	46.239000
1761586289967793	44.955000
1761586290020949	46.364000
1761586290070480	44.182000
1761586290123539	45.624000
1761586290171207	41.638000
1761586290221172	39.816000
1761586290273890	40.552000
1761586290329812	44.591000
1761586290383008	46.094000
1761586290446138	57.548000
1761586290496081	55.841000
1761586290536461	44.538000
1761586290539785	99.545000
1761586290544136	52.213000
1761586290601361	57.697000
1761586290603788	111.865000
1761586290604015	60.351000
1761586290638611	43.157000
1761586290686899	39.516000
1761586290743188	44.089000
1761586290796423	45.535000
1761586290849902	47.230000
1761586290900099	45.684000
1761586290953624	47.208000
1761586291005304	47.051000
1761586291058364	48.222000
1761586291109210	47.103000
1761586291160203	46.035000
1761586291213540	47.409000
1761586291271518	53.374000
1761586291273243	107.112000
1761586291274674	56.530000
1761586291277529	111.398000
1761586291278429	60.285000
1761586291316485	46.390000
1761586291368804	46.855000
1761586291423904	49.988000
1761586291472717	47.006000
1761586291526519	48.936000
1761586291574474	44.973000
1761586291628597	46.983000
1761586291681227	47.452000
1761586291732360	46.468000
1761586291784488	46.636000
1761586291837456	47.640000
1761586291892150	50.325000
1761586291945283	50.021000
1761586291999700	52.116000
1761586292049980	49.772000
1761586292105546	52.922000
1761586292156443	51.315000
1761586292209294	51.661000
1761586292270181	60.125000
1761586292272103	114.470000
1761586292273628	63.572000
1761586292312625	50.311000
1761586292367401	52.714000
1761586292421919	54.980000
1761586292472123	52.833000
1761586292530385	58.987000
1761586292574996	51.365000
1761586292628344	52.602000
1761586292679852	51.900000
1761586292730877	50.521000
1761586292781371	48.632000
1761586292836084	50.859000
1761586292888133	50.466000
1761586292943003	53.030000
1761586292998331	56.449000
1761586293052843	57.690000
1761586293106971	58.156000
1761586293160234	58.681000
1761586293215441	61.322000
1761586293272146	65.331000
1761586293325279	65.879000
1761586293365636	53.554000
1761586293423271	58.529000
1761586293476504	58.730000
1761586293528944	58.114000
1761586293582013	57.938000
1761586293634943	57.808000
1761586293687346	57.522000
1761586293740306	57.522000
1761586293798488	63.008000
1761586293844233	56.114000
1761586293901246	60.696000
1761586293947912	54.587000
1761586294007884	61.583000
1761586294064660	65.135000
1761586294122522	69.721000
1761586294175251	68.417000
1761586294230792	69.623000
1761586294282348	66.782000
1761586294335201	66.264000
1761586294387824	65.587000
1761586294438430	62.398000
1761586294498455	68.686000
1761586294551172	67.208000
1761586294605686	67.627000
1761586294661891	70.185000
1761586294709070	63.876000
1761586294762108	63.465000
1761586294818399	65.407000
1761586294884925	78.267000
1761586294886366	133.374000
1761586294886473	79.815000
1761586294923554	63.328000
1761586294985172	70.852000
1761586295044083	75.926000
1761586295091906	69.640000
1761586295148766	71.962000
1761586295204804	74.191000
1761586295256428	71.907000
1761586295309082	70.051000
1761586295370278	76.432000
1761586295422302	74.251000
1761586295473655	71.570000
1761586295524598	68.510000
1761586295587616	76.829000
1761586295645904	80.793000
1761586295690855	71.750000
1761586295742453	69.041000
1761586295795861	67.676000
1761586295858854	76.235000
1761586295911404	74.749000
1761586295961010	70.681000
1761586296012455	68.250000
1761586296067590	70.138000
1761586296129013	76.506000
1761586296184832	77.482000
1761586296244308	82.449000
1761586296290340	73.949000
1761586296341379	70.791000
1761586296407910	82.406000
1761586296458715	78.449000
1761586296509271	74.914000
1761586296564611	76.668000
1761586296615106	72.907000
1761586296671795	76.685000
1761586296721997	75.011000
1761586296776173	77.465000
1761586296826067	75.743000
1761586296878943	73.827000
1761586296934906	75.536000
1761586296991450	77.277000
1761586297044365	75.816000
1761586297099722	76.995000
1761586297156104	78.059000
1761586297214006	81.325000
1761586297263378	76.117000
1761586297326618	84.291000
1761586297377657	80.570000
1761586297430911	78.640000
1761586297490684	83.500000
1761586297543113	81.474000
1761586297595793	79.315000
1761586297652217	81.511000
1761586297705150	80.365000
1761586297757964	81.345000
1761586297811671	80.225000
1761586297868611	82.470000
1761586297920297	79.474000
1761586297980688	84.525000
1761586298032157	81.723000
1761586298085013	80.159000
1761586298137186	77.665000
1761586298195232	81.147000
1761586298245184	76.432000
1761586298306506	83.432000
1761586298353016	75.937000
1761586298403865	72.578000
1761586298464359	78.736000
1761586298524084	84.048000
1761586298570673	76.520000
1761586298621064	72.722000
1761586298681029	78.310000
1761586298733987	76.696000
1761586298791290	80.019000
1761586298845220	79.567000
1761586298904411	84.207000
1761586298948076	73.626000
1761586299008951	80.122000
1761586299010154	135.704000
1761586299015920	87.091000
1761586299060090	76.207000
1761586299117960	80.087000
1761586299173407	80.774000
1761586299227945	80.638000
1761586299279958	78.166000
1761586299342162	85.411000
1761586299384108	72.818000
1761586299442703	76.957000
1761586299495754	75.186000
1761586299547348	72.668000
1761586299607427	78.120000
1761586299659516	75.446000
1761586299710871	72.282000
1761586299769420	76.170000
1761586299824823	76.877000
1761586299875511	73.367000
1761586299934681	77.637000
1761586299985326	74.063000
1761586300036900	71.465000
1761586300098472	78.296000
1761586300148748	74.086000
1761586300212733	83.680000
1761586300263931	80.385000
1761586300317459	79.214000
1761586300366924	74.415000
1761586300427933	81.671000
1761586300478681	77.901000
1761586300540410	84.834000
1761586300585947	76.079000
1761586300637725	73.839000
1761586300696800	78.628000
1761586300756956	83.982000
1761586300802208	74.620000
1761586300860391	78.687000
1761586300920174	83.439000
1761586300969618	78.613000
1761586301026218	80.031000
1761586301084564	83.571000
1761586301129582	74.108000
1761586301189198	79.330000
1761586301242534	77.994000
1761586301299766	80.819000
1761586301352567	78.945000
1761586301414346	85.636000
1761586301462832	79.966000
1761586301517715	80.019000
1761586301576264	83.320000
1761586301618838	71.614000
1761586301683728	82.064000
1761586301733411	77.341000
1761586301786247	76.203000
1761586301844263	79.985000
1761586301898868	80.079000
1761586301950085	76.605000
1761586302005834	78.111000
1761586302061884	79.632000
1761586302116758	79.722000
1761586302174251	82.618000
1761586302218490	72.359000
1761586302279558	79.372000
1761586302340061	85.181000
1761586302382962	74.031000
1761586302442903	79.673000
1761586302498390	80.453000
1761586302554854	82.311000
1761586302600414	73.727000
1761586302661231	80.019000
1761586302716060	79.989000
1761586302771427	81.024000
1761586302824334	79.521000
1761586302884023	84.407000
1761586302934385	80.004000
1761586302986570	77.473000
1761586303040582	76.580000
1761586303100056	81.464000
1761586303152669	79.494000
1761586303205513	77.546000
1761586303266129	83.752000
1761586303310523	73.694000
1761586303370357	78.910000
1761586303424812	78.276000
1761586303477725	76.709000
1761586303535568	80.399000
1761586303589378	79.510000
1761586303641766	76.991000
1761586303694313	74.954000
1761586303747433	73.876000
1761586303806322	78.319000
1761586303861769	78.698000
1761586303917648	80.375000
1761586303969821	77.090000
1761586304025616	78.084000
1761586304079765	78.037000
1761586304131964	75.905000
1761586304186005	75.678000
1761586304241296	76.159000
1761586304298038	77.977000
1761586304355093	80.901000
1761586304407535	78.512000
1761586304469611	85.752000
1761586304521609	82.952000
1761586304569579	76.275000
1761586304626849	78.457000
1761586304685149	82.671000
1761586304737987	81.047000
1761586304788618	76.970000
1761586304847700	81.703000
1761586304899333	79.257000
1761586304953711	78.941000
1761586305009846	80.617000
1761586305057046	73.618000
1761586305114236	76.226000
1761586305173800	80.945000
1761586305229000	81.641000
1761586305276288	74.935000
1761586305334149	78.485000
1761586305392940	82.211000
1761586305447860	82.276000
1761586305494044	74.294000
1761586305559275	85.394000
1761586305607426	78.643000
1761586305665427	81.991000
1761586305711233	73.681000
1761586305772830	81.067000
1761586305827126	80.549000
1761586305878513	76.993000
1761586305942299	86.636000
1761586305990762	80.834000
1761586306049708	85.142000
1761586306094533	75.502000
1761586306156791	83.670000
1761586306210906	82.984000
1761586306259353	76.730000
1761586306318492	81.285000
1761586306376941	85.399000
1761586306426278	79.731000
1761586306482886	81.495000
1761586306534137	78.331000
1761586306592181	80.850000
1761586306645929	80.341000
1761586306694047	74.096000
1761586306751435	76.982000
1761586306811590	81.933000
1761586306859720	75.548000
1761586306916838	78.229000
1761586306978346	84.956000
1761586307021474	73.733000
1761586307076183	73.967000
1761586307133102	76.348000
1761586307194040	82.774000
1761586307239077	73.543000
1761586307299084	78.811000
1761586307360165	85.114000
1761586307401897	72.400000
1761586307456132	72.606000
1761586307515675	77.232000
1761586307577595	84.596000
1761586307628224	80.368000
1761586307679339	76.596000
1761586307732866	75.508000
1761586307792931	81.232000
1761586307844006	77.372000
1761586307906447	84.909000
1761586307948804	73.031000
1761586308011297	80.754000
1761586308063331	77.762000
1761586308122659	82.602000
1761586308172833	78.336000
1761586308230038	80.693000
1761586308286628	82.573000
1761586308331932	73.805000
1761586308395253	82.617000
1761586308445833	78.175000
1761586308502827	80.804000
1761586308557594	81.037000
1761586308612301	80.476000
1761586308667205	80.985000
1761586308719947	78.998000
1761586308776489	80.623000
1761586308831247	80.978000
1761586308881105	76.142000
1761586308937403	77.892000
1761586308994911	80.598000
1761586309044121	75.599000
1761586309102164	79.134000
1761586309155830	77.715000
1761586309212620	80.206000
1761586309267254	80.210000
1761586309319449	77.389000
1761586309378955	82.363000
1761586309424264	73.407000
1761586309483656	78.245000
1761586309545296	85.107000
1761586309587109	72.489000
1761586309648369	78.856000
1761586309708971	84.255000
1761586309751692	72.584000
1761586309811282	77.741000
1761586309873182	84.386000
1761586309917231	73.577000
1761586309979679	81.553000
1761586310031245	77.710000
1761586310093158	84.865000
1761586310145389	82.863000
1761586310195437	78.108000
1761586310257474	85.305000
1761586310307146	80.643000
1761586310361261	79.824000
1761586310420187	83.927000
1761586310464193	73.431000
1761586310527573	82.457000
1761586310588533	88.140000
1761586310634765	79.659000
1761586310690163	80.144000
1761586310744859	79.557000
1761586310800316	80.859000
1761586310846909	73.269000
1761586310908969	80.546000
1761586310962097	79.128000
1761586311016918	79.747000
1761586311067681	76.438000
1761586311124584	78.329000
1761586311180777	80.079000
1761586311242540	87.325000
1761586311293455	83.756000
1761586311294015	138.800000
1761586311300582	90.883000
1761586311350180	85.663000
1761586311397852	77.964000
1761586311451683	77.353000
1761586311511532	83.015000
1761586311560470	78.273000
1761586311613367	76.629000
1761586311666418	75.083000
1761586311716570	71.517000
1761586311776373	77.051000
1761586311829356	74.829000
1761586311879579	70.834000
1761586311933165	69.664000
1761586311995223	77.040000
1761586312046227	73.927000
1761586312096555	70.180000
1761586312162222	80.900000
1761586312211777	76.300000
1761586312265759	76.263000
1761586312321625	76.999000
1761586312376530	77.911000
1761586312427818	75.298000
1761586312479316	72.271000
1761586312537366	75.490000
1761586312590484	74.470000
1761586312644024	74.000000
1761586312705425	80.008000
1761586312761383	80.868000
1761586312810804	75.969000
1761586312867852	78.243000
1761586312926863	82.293000
1761586312974744	75.761000
1761586313032065	78.536000
1761586313093918	85.703000
1761586313137169	74.545000
1761586313193683	76.731000
1761586313265388	93.561000
1761586313299690	73.469000
1761586313360401	79.824000
1761586313411495	76.096000
1761586313475796	85.340000
1761586313527760	83.090000
1761586313577047	77.787000
1761586313638577	84.006000
1761586313682341	73.318000
1761586313744054	80.484000
1761586313794970	76.328000
1761586313855548	82.465000
1761586313910319	82.486000
1761586313966150	83.031000
1761586314011775	74.462000
1761586314068172	76.713000
1761586314128126	82.240000
1761586314180990	80.374000
1761586314228280	73.150000
1761586314286118	76.000000
1761586314346741	81.928000
1761586314395037	75.936000
1761586314451909	78.313000
1761586314506239	77.503000
1761586314562616	79.600000
1761586314614829	77.198000
1761586314671282	78.399000
1761586314727921	80.768000
1761586314777604	75.920000
1761586314835222	79.037000
1761586314894588	83.390000
1761586314939363	73.785000
1761586314996923	76.850000
1761586315052090	76.799000
1761586315112385	82.570000
1761586315161234	77.156000
1761586315216750	77.408000
1761586315279239	85.129000
1761586315328211	79.685000
1761586315379475	76.034000
1761586315444222	86.260000
1761586315495790	83.523000
1761586315544940	77.789000
1761586315606209	83.911000
1761586315660445	83.932000
1761586315713282	82.406000
1761586315762688	76.839000
1761586315821864	81.132000
1761586315877587	82.250000
1761586315933651	83.830000
1761586315984246	79.857000
1761586316037398	78.627000
1761586316096428	81.873000
1761586316149878	81.390000
1761586316199513	76.720000
1761586316260037	82.231000
1761586316296973	64.419000
1761586316351901	66.317000
1761586316401529	62.516000
1761586316456746	64.591000
1761586316513913	68.735000
1761586316557502	59.061000
1761586316615600	63.792000
1761586316664110	58.924000
1761586316720989	62.562000
1761586316778070	68.151000
1761586316829585	66.384000
1761586316881598	65.598000
1761586316929938	60.978000
1761586316986838	64.658000
1761586317045995	70.678000
1761586317095470	67.118000
1761586317145644	64.269000
1761586317196978	62.290000
1761586317261283	73.315000
1761586317306516	65.442000
1761586317361437	67.442000
1761586317413235	66.436000
1761586317463673	63.886000
1761586317517884	64.843000
1761586317576392	70.307000
1761586317625621	66.427000
1761586317679073	67.063000
1761586317729471	64.400000
1761586317781041	64.358000
1761586317845978	75.090000
1761586317894658	69.353000
1761586317951369	71.705000
1761586318010405	76.396000
1761586318062883	74.580000
1761586318116060	73.548000
1761586318175064	78.226000
1761586318228805	77.650000
1761586318283427	79.684000
1761586318285557	134.402000
1761586318286771	83.028000
1761586318330752	73.028000
1761586318388100	75.937000
1761586318446413	79.850000
1761586318495690	75.023000
1761586318545918	71.129000
1761586318606475	77.155000
1761586318662164	78.665000
1761586318712546	74.894000
1761586318765322	73.178000
1761586318819395	73.139000
1761586318876575	75.905000
1761586318930833	75.812000
1761586318985220	75.240000
1761586319036248	72.042000
1761586319093473	75.285000
1761586319147927	75.408000
1761586319201746	74.898000
1761586319258761	77.640000
1761586319310337	74.711000
1761586319363919	73.844000
1761586319418742	74.661000
1761586319473037	74.780000
1761586319528137	75.311000
1761586319580182	73.309000
1761586319632370	71.408000
1761586319694470	78.578000
1761586319746046	75.645000
1761586319797212	72.597000
1761586319859805	80.980000
1761586319913276	79.216000
1761586319976155	87.274000
1761586320024713	81.074000
1761586320079102	80.349000
1761586320137413	84.077000
1761586320189316	81.570000
1761586320244989	82.190000
1761586320299065	83.586000
1761586320351045	80.720000
1761586320403501	78.972000
1761586320463850	84.024000
1761586320515135	80.562000
1761586320566279	77.229000
1761586320627798	83.490000
1761586320679565	80.698000
1761586320729762	76.521000
1761586320793321	84.760000
1761586320844928	81.860000
1761586320896942	79.128000
1761586320950857	78.003000
1761586321007920	81.038000
1761586321054930	73.545000
1761586321112784	76.506000
1761586321171759	80.702000
1761586321225341	79.259000
1761586321278366	77.140000
1761586321336108	80.383000
1761586321390785	80.419000
1761586321443676	78.530000
1761586321495562	75.891000
1761586321551077	77.277000
1761586321611866	83.034000
1761586321663493	80.134000
1761586321716667	79.034000
1761586321771194	79.132000
1761586321826784	80.306000
1761586321878840	78.180000
1761586321932643	77.570000
1761586321988487	79.498000
1761586322045976	82.642000
1761586322094294	76.578000
1761586322151661	78.895000
1761586322210957	83.413000
1761586322259842	77.887000
1761586322314066	77.387000
1761586322376308	85.024000
1761586322425075	79.366000
1761586322479679	79.415000
1761586322540482	85.499000
1761586322589705	80.468000
1761586322643514	79.659000
1761586322698534	79.771000
1761586322754941	81.558000
1761586322812339	84.327000
1761586322865182	82.027000
1761586322912548	75.076000
1761586322971069	79.405000
1761586323026393	79.267000
1761586323079605	78.078000
1761586323134194	78.067000
1761586323189341	78.042000
1761586323247218	81.221000
1761586323299372	79.237000
1761586323351847	77.147000
1761586323409061	80.038000
1761586323462246	78.626000
1761586323515655	77.403000
1761586323571801	78.967000
1761586323637178	89.752000
1761586323684833	82.849000
1761586323736038	79.138000
1761586323790440	78.820000
1761586323844567	78.585000
1761586323899320	78.756000
1761586323952589	77.347000
1761586324011204	81.249000
1761586324059500	75.045000
1761586324117716	78.678000
1761586324178348	84.514000
1761586324224768	76.576000
1761586324280646	78.036000
1761586324342088	84.463000
1761586324389551	77.433000
1761586324446337	80.151000
1761586324499285	78.233000
1761586324559065	83.327000
1761586324605178	75.204000
1761586324662022	77.786000
1761586324715603	76.198000
1761586324775671	81.615000
1761586324828897	79.959000
1761586324881311	77.304000
1761586324941414	82.955000
1761586324996580	83.715000
1761586325047948	80.064000
1761586325108049	85.789000
1761586325158093	81.571000
1761586325213140	81.557000
1761586325267330	80.728000
1761586325319423	78.696000
1761586325375436	79.867000
1761586325430363	80.080000
1761586325484772	80.280000
1761586325542329	82.692000
1761586325597537	83.257000
1761586325647863	78.928000
1761586325702264	78.297000
1761586325761424	82.731000
1761586325812138	79.232000
1761586325865573	77.388000
1761586325919206	76.317000
1761586325978020	80.589000
1761586326031302	79.182000
1761586326092097	84.986000
1761586326141805	80.375000
1761586326196071	79.997000
1761586326251633	81.112000
1761586326306034	81.095000
1761586326359295	80.118000
1761586326416031	82.703000
1761586326462746	75.858000
1761586326521898	81.308000
1761586326577608	83.010000
1761586326632596	83.642000
1761586326683025	80.568000
1761586326729941	73.514000
1761586326788174	77.764000
1761586326848419	83.862000
1761586326899208	81.075000
1761586326948049	75.721000
1761586327002827	76.550000
1761586327064595	83.950000
1761586327114091	79.304000
1761586327168342	79.055000
1761586327222702	78.854000
1761586327280581	82.677000
1761586327328882	77.165000
1761586327382918	76.921000
1761586327438839	78.539000
1761586327493391	79.278000
1761586327547317	78.878000
1761586327601249	78.638000
1761586327658879	82.261000
1761586327708911	78.663000
1761586327761537	76.912000
1761586327815867	76.899000
1761586327875687	83.072000
1761586327926312	79.558000
1761586327979710	78.925000
1761586328038534	83.662000
1761586328084094	75.060000
1761586328141568	79.077000
1761586328195170	77.480000
1761586328259099	86.840000
1761586328306075	79.669000
1761586328359754	78.866000
1761586328416477	81.052000
1761586328467964	78.278000
1761586328523913	79.873000
1761586328578825	80.303000
1761586328629376	76.683000
1761586328692199	84.132000
1761586328741949	79.479000
1761586328796676	79.988000
1761586328855485	84.232000
1761586328908365	82.657000
1761586328959993	79.740000
1761586329013495	78.184000
1761586329075246	85.407000
1761586329128236	84.151000
1761586329177516	78.862000
1761586329234378	80.661000
1761586329286289	78.023000
1761586329343529	80.240000
1761586329397899	80.294000
1761586329451654	79.885000
1761586329506881	80.707000
1761586329561059	80.170000
1761586329615376	79.834000
1761586329669683	79.155000
1761586329727035	82.623000
1761586329775600	77.398000
1761586329828804	76.104000
1761586329887957	79.907000
1761586329944889	82.140000
1761586329994415	77.127000
1761586330054545	82.455000
1761586330100799	74.390000
1761586330159541	78.616000
1761586330217107	81.060000
1761586330264845	74.175000
1761586330324650	79.702000
1761586330379167	79.161000
1761586330434377	79.863000
1761586330490421	81.496000
1761586330545411	81.555000
1761586330599641	81.089000
1761586330650952	78.089000
1761586330710937	83.313000
1761586330765982	83.263000
1761586330816092	78.809000
1761586330871205	79.395000
1761586330925679	79.035000
1761586330982335	81.276000
1761586331031930	76.573000
1761586331095298	85.092000
1761586331144460	79.842000
1761586331198051	78.469000
1761586331265898	91.515000
1761586331310294	80.975000
1761586331362908	79.153000
1761586331421562	82.838000
1761586331472209	79.131000
1761586331529020	81.388000
1761586331581973	79.782000
1761586331636917	80.253000
1761586331693538	82.334000
1761586331747429	81.148000
1761586331798636	78.115000
1761586331861283	85.399000
1761586331911366	80.937000
1761586331965262	80.336000
1761586332021642	82.040000
1761586332074577	80.819000
1761586332128317	80.103000
1761586332187125	84.302000
1761586332237028	79.665000
1761586332290632	77.959000
1761586332347980	80.739000
1761586332399650	77.971000
1761586332456606	79.650000
1761586332512019	80.838000
1761586332564403	78.868000
1761586332616879	76.952000
1761586332669549	75.195000
1761586332728136	79.651000
1761586332777598	74.628000
1761586332842268	84.738000
1761586332894113	82.479000
1761586332945796	79.730000
1761586332995743	75.236000
1761586333052510	77.975000
1761586333105063	76.064000
1761586333164677	81.216000
1761586333216428	78.830000
1761586333269896	78.039000
1761586333324423	78.077000
1761586333379159	78.537000
1761586333432979	77.951000
1761586333492060	82.548000
1761586333545089	81.433000
1761586333595256	77.117000
1761586333656612	83.849000
1761586333705729	78.636000
1761586333762238	80.589000
1761586333816019	79.929000
1761586333866364	75.895000
1761586333925378	79.971000
1761586333979919	80.133000
1761586334031308	77.079000
1761586334094186	85.214000
1761586334139445	76.238000
1761586334195584	78.280000
1761586334269305	96.652000
1761586334308637	81.591000
1761586334364334	82.756000
1761586334416252	80.646000
1761586334463214	73.477000
1761586334524818	80.611000
1761586334579851	81.025000
1761586334627604	74.398000
1761586334686212	78.185000
1761586334740847	78.346000
1761586334795392	78.426000
1761586334848757	77.269000
1761586334902486	76.155000
1761586334956008	75.648000
1761586335012784	78.169000
1761586335068036	78.210000
1761586335128222	83.698000
1761586335178775	80.058000
1761586335231358	78.216000
1761586335287559	79.482000
1761586335345342	82.674000
1761586335395928	78.602000
1761586335452283	80.089000
1761586335510204	83.450000
1761586335562474	80.736000
1761586335618005	81.696000
1761586335668407	77.785000
1761586335729037	83.277000
1761586335783577	82.642000
1761586335834412	79.206000
1761586335889916	79.768000
1761586335954831	89.956000
1761586336002365	83.076000
1761586336054605	80.890000
1761586336111146	82.155000
1761586336160828	77.487000
1761586336216004	78.144000
1761586336271401	78.462000
1761586336327413	79.881000
1761586336382508	81.054000
1761586336432394	76.584000
1761586336494178	82.944000
1761586336543224	77.643000
1761586336599069	79.074000
1761586336652417	77.307000
1761586336710079	80.418000
1761586336762501	78.247000
1761586336815386	76.316000
1761586336875465	81.842000
1761586336928110	80.033000
1761586336979245	76.524000
1761586337035452	78.368000
1761586337091608	79.992000
1761586337145399	79.362000
1761586337198706	78.047000
1761586337256910	81.837000
1761586337313331	83.702000
1761586337362042	77.994000
1761586337415314	76.703000
1761586337468639	75.554000
1761586337527583	80.013000
1761586337580330	78.294000
1761586337639715	82.740000
1761586337694184	82.135000
1761586337749233	82.025000
1761586337798960	77.478000
1761586337854138	78.166000
1761586337910269	79.953000
1761586337964985	80.285000
1761586338018937	79.289000
1761586338078177	83.467000
1761586338127054	77.960000
1761586338181504	77.502000
1761586338239683	81.039000
1761586338292645	79.575000
1761586338350016	81.787000
1761586338396729	73.971000
1761586338461532	84.031000
1761586338515047	82.197000
1761586338566323	78.373000
1761586338621957	78.837000
1761586338677327	79.759000
1761586338732284	80.251000
1761586338794094	87.117000
1761586338842300	81.172000
1761586338895025	79.457000
1761586338952599	82.300000
1761586339002871	78.460000
1761586339060225	81.322000
1761586339113830	80.139000
1761586339161517	73.232000
1761586339225208	82.635000
1761586339279908	82.534000
1761586339330150	78.361000
1761586339384989	78.548000
1761586339444089	83.193000
1761586339494502	79.430000
1761586339546863	77.277000
1761586339605996	81.774000
1761586339660445	81.844000
1761586339711655	78.402000
1761586339768924	81.052000
1761586339821328	79.060000
1761586339879551	82.308000
1761586339928201	76.619000
1761586339984451	78.490000
1761586340038848	78.297000
1761586340095030	79.803000
1761586340148775	79.085000
1761586340207583	83.126000
1761586340266208	87.569000
1761586340317241	83.275000
1761586340363859	75.542000
1761586340423311	80.682000
1761586340478225	80.939000
1761586340532610	80.899000
1761586340582483	76.627000
1761586340643677	82.917000
1761586340692785	77.753000
1761586340745981	76.782000
1761586340800399	76.353000
1761586340859205	80.703000
1761586340911443	78.525000
1761586340968490	81.037000
1761586341023219	80.952000
1761586341077989	81.255000
1761586341132562	81.388000
1761586341185715	79.785000
1761586341241344	80.060000
1761586341294810	79.366000
1761586341349461	79.815000
1761586341407347	83.010000
1761586341458752	80.292000
1761586341509725	76.492000
1761586341575097	87.091000
1761586341622264	80.104000
1761586341677124	79.664000
1761586341728128	76.078000
1761586341784552	78.360000
1761586341842513	81.429000
1761586341898153	82.405000
1761586341948591	78.655000
1761586342003516	78.374000
1761586342057308	77.835000
1761586342112288	78.595000
1761586342165350	77.206000
1761586342219941	76.788000
1761586342283570	86.162000
1761586342329226	77.881000
1761586342383450	77.672000
1761586342437139	76.822000
1761586342493897	79.421000
1761586342547908	79.021000
1761586342600976	77.360000
1761586342661217	83.549000
1761586342711649	79.377000
1761586342771698	84.113000
1761586342822576	82.292000
1761586342878125	83.604000
1761586342928844	79.829000
1761586342984850	81.288000
1761586343041665	83.935000
1761586343093072	80.952000
1761586343150601	83.598000
1761586343201842	80.429000
1761586343259275	83.089000
1761586343313394	82.506000
1761586343364235	79.176000
1761586343423630	83.636000
1761586343476064	81.875000
1761586343529943	81.249000
1761586343585214	81.743000
1761586343637095	79.517000
1761586343693765	81.747000
1761586343746139	80.150000
1761586343798843	78.622000
1761586343853003	78.288000
1761586343905364	76.103000
1761586343961794	78.365000
1761586344015343	77.446000
1761586344076787	83.930000
1761586344118865	71.651000
1761586344179557	77.844000
1761586344231578	75.106000
1761586344287513	76.919000
1761586344343952	78.861000
1761586344399944	80.641000
1761586344449343	75.737000
1761586344508831	80.617000
1761586344561345	78.872000
1761586344614618	77.380000
1761586344676095	84.218000
1761586344721396	75.325000
1761586344781737	80.912000
1761586344843240	87.395000
1761586344892495	82.425000
1761586344944809	80.168000
1761586345000196	80.989000
1761586345047699	74.151000
1761586345107505	79.622000
1761586345166027	83.285000
1761586345217276	80.093000
1761586345270959	78.622000
1761586345327625	80.668000
1761586345378319	77.006000
1761586345442722	86.962000
1761586345492600	82.382000
1761586345542897	78.442000
1761586345598367	78.594000
1761586345657213	82.997000
1761586345708293	79.693000
1761586345767186	83.333000
1761586345817596	79.094000
1761586345883074	89.217000
1761586345924433	75.956000
1761586345979724	77.129000
1761586346033078	75.983000
1761586346093008	81.585000
1761586346144722	78.837000
1761586346200964	79.715000
1761586346255235	79.305000
1761586346334100	102.735000
1761586346403610	117.424000
1761586346457340	116.589000
1761586346521485	125.295000
1761586346577074	126.589000
1761586346627199	121.972000
1761586346699506	139.157000
1761586346740369	124.562000
1761586346792748	122.153000
1761586346848779	124.164000
1761586346889959	109.637000
1761586346926804	91.580000
1761586346985449	95.100000
1761586347034718	89.565000
1761586347089070	89.618000
1761586347139887	85.663000
1761586347200316	90.870000
1761586347257621	93.933000
1761586347306177	87.390000
1761586347361071	87.470000
1761586347414186	85.079000
1761586347465853	82.221000
1761586347523401	85.348000
1761586347577444	84.037000
1761586347627456	79.165000
1761586347689511	86.755000
1761586347748353	90.419000
1761586347793297	80.983000
1761586347849227	81.466000
1761586347890196	67.821000
1761586347950868	74.897000
1761586348009568	80.262000
1761586348056258	73.767000
1761586348112478	75.774000
1761586348171632	81.171000
1761586348172266	135.562000
1761586348173510	83.049000
1761586348173777	137.073000
1761586348178744	88.283000
1761586348215714	71.973000
1761586348280708	83.398000
1761586348325034	72.998000
1761586348377710	72.257000
1761586348430094	71.270000
1761586348481704	69.539000
1761586348534327	68.239000
1761586348592089	71.919000
1761586348647438	73.406000
1761586348701100	73.727000
1761586348755744	75.265000
1761586348808372	74.722000
1761586348859878	72.610000
1761586348911476	70.110000
1761586348972767	77.724000
1761586349025139	76.754000
1761586349076395	74.497000
1761586349125722	69.743000
1761586349188156	77.016000
1761586349241565	77.060000
1761586349289972	72.000000
1761586349342382	70.774000
1761586349393349	67.958000
1761586349456326	76.565000
1761586349509008	75.255000
1761586349559976	72.532000
1761586349611255	70.216000
1761586349675164	79.582000
1761586349726839	76.977000
1761586349774084	70.065000
1761586349827934	69.937000
1761586349882189	69.787000
1761586349941711	74.944000
1761586349997641	76.397000
1761586350056842	81.362000
1761586350109005	79.571000
1761586350161647	78.071000
1761586350213584	75.715000
1761586350272991	80.769000
1761586350321957	75.590000
1761586350377562	76.690000
1761586350432142	76.850000
1761586350491782	83.051000
1761586350534917	72.041000
1761586350593944	76.658000
1761586350656948	85.350000
1761586350702914	77.550000
1761586350751601	72.172000
1761586350810928	77.162000
1761586350873765	85.688000
1761586350919929	77.721000
1761586350974792	78.626000
1761586351029186	78.647000
1761586351082324	77.219000
1761586351142685	83.678000
1761586351191853	78.893000
1761586351253622	86.030000
1761586351298280	76.588000
1761586351361310	86.169000
1761586351410239	81.176000
1761586351463810	80.310000
1761586351515430	77.403000
1761586351575654	83.584000
1761586351625853	79.879000
1761586351677917	77.210000
1761586351740767	85.782000
1761586351795772	86.962000
1761586351842567	79.491000
1761586351901587	83.768000
1761586351946955	74.934000
1761586352008479	82.669000
1761586352061674	81.023000
1761586352117348	82.683000
1761586352162507	73.931000
1761586352219144	76.495000
1761586352279053	81.795000
1761586352323574	72.025000
1761586352388051	82.349000
1761586352439322	78.431000
1761586352493063	77.811000
1761586352553637	82.953000
1761586352605951	80.581000
1761586352655378	75.804000
1761586352710950	76.983000
1761586352766392	77.779000
1761586352820675	78.042000
1761586352872648	75.388000
1761586352935300	83.772000
1761586352988820	83.102000
1761586353038403	77.764000
1761586353101012	86.197000
1761586353151988	83.093000
1761586353205469	82.000000
1761586353258039	80.073000
1761586353312055	79.385000
1761586353368747	81.481000
1761586353422262	80.449000
1761586353470646	74.422000
1761586353528707	78.230000
1761586353588234	83.030000
1761586353635053	75.551000
1761586353691786	77.565000
1761586353746000	76.982000
1761586353803610	80.189000
1761586353856407	78.596000
1761586353918110	85.403000
1761586353962293	75.261000
1761586354019515	77.990000
1761586354072226	76.192000
1761586354126331	75.724000
1761586354186744	81.985000
1761586354239442	80.172000
1761586354296916	82.488000
1761586354342677	74.176000
1761586354394679	71.948000
1761586354458755	81.403000
1761586354514263	82.224000
1761586354559707	73.548000
1761586354623267	82.691000
1761586354674862	79.836000
1761586354725230	75.961000
1761586354781170	77.843000
1761586354838859	80.774000
1761586354892474	79.800000
1761586354945316	78.579000
1761586354998508	77.182000
1761586355057013	80.154000
1761586355111512	80.394000
1761586355162683	77.194000
1761586355220987	80.490000
1761586355281446	86.777000
1761586355323982	75.389000
1761586355380538	77.936000
1761586355437029	79.723000
1761586355495024	83.534000
1761586355542349	77.071000
1761586355597963	78.692000
1761586355651026	77.261000
1761586355712102	83.741000
1761586355759935	77.746000
1761586355816111	80.394000
1761586355868965	78.584000
1761586355929095	84.311000
1761586355979923	81.043000
1761586356027556	74.173000
1761586356087047	79.346000
1761586356142897	81.236000
1761586356196782	81.320000
1761586356247243	77.598000
1761586356301685	77.690000
1761586356357093	78.821000
1761586356412838	80.516000
1761586356460086	73.325000
1761586356518926	77.886000
1761586356573544	78.223000
1761586356629822	81.069000
1761586356677571	74.429000
1761586356735212	77.678000
1761586356790422	78.526000
1761586356845880	80.280000
1761586356895102	75.358000
1761586356951568	77.490000
1761586357008310	80.120000
1761586357062482	80.755000
1761586357111469	75.076000
1761586357171148	80.264000
1761586357229422	83.986000
1761586357284855	85.284000
1761586357325199	71.123000
1761586357390557	81.941000
1761586357447156	84.114000
1761586357492240	75.092000
1761586357552534	81.516000
1761586357607316	81.929000
1761586357663061	82.961000
1761586357709440	75.478000
1761586357770891	83.083000
1761586357825140	82.889000
1761586357881377	84.145000
1761586357932433	81.399000
1761586357977860	72.679000
1761586358041720	81.983000
1761586358098922	84.152000
1761586358143287	74.163000
1761586358206602	82.881000
1761586358262714	84.141000
1761586358308926	75.356000
1761586358367477	80.047000
1761586358423829	81.958000
1761586358476936	80.888000
1761586358532326	82.152000
1761586358582535	78.187000
1761586358641051	82.069000
1761586358695901	82.390000
1761586358747421	79.873000
1761586358800151	77.803000
1761586358860236	83.488000
1761586358910814	79.842000
1761586358965096	79.507000
1761586359017348	77.140000
1761586359076539	82.149000
1761586359124428	75.790000
1761586359180185	76.813000
1761586359235777	77.956000
1761586359292198	80.646000
1761586359339390	73.736000
1761586359398654	78.629000
1761586359450309	76.064000
1761586359504682	76.754000
1761586359561720	80.097000
1761586359614392	78.338000
1761586359671881	81.264000
1761586359727146	82.257000
1761586359775497	76.628000
1761586359830002	77.119000
1761586359888160	80.460000
1761586359948126	86.486000
1761586359993526	77.876000
1761586360051358	80.792000
1761586360109629	83.787000
1761586360156013	75.695000
1761586360211677	76.869000
1761586360270442	81.423000
1761586360322131	78.834000
1761586360382634	84.565000
1761586360432450	80.156000
1761586360485780	79.133000
1761586360541921	80.921000
1761586360595860	80.602000
1761586360647112	77.731000
1761586360710985	87.120000
1761586360761202	83.250000
1761586360805000	72.682000
1761586360864798	77.610000
1761586360925808	84.439000
1761586360967975	72.571000
1761586361027515	78.071000
1761586361082031	78.251000
1761586361144239	86.588000
1761586361193740	82.366000
1761586361247869	81.799000
1761586361296070	75.628000
1761586361349566	75.251000
1761586361410943	83.000000
1761586361462027	79.534000
1761586361513606	76.577000
1761586361573153	82.196000
1761586361616197	71.050000
1761586361679392	79.644000
1761586361729804	75.934000
1761586361789920	82.374000
1761586361833392	71.408000
1761586361897291	80.978000
1761586361948485	77.606000
1761586362006453	82.221000
1761586362049855	70.814000
1761586362112997	79.354000
1761586362164295	76.493000
1761586362224181	82.795000
1761586362274204	78.628000
1761586362330100	79.968000
1761586362381017	76.976000
1761586362442862	84.960000
1761586362493881	82.077000
1761586362546335	80.087000
1761586362605967	85.174000
1761586362658937	83.919000
1761586362711169	81.811000
1761586362768519	84.441000
1761586362819850	81.710000
1761586362865739	73.385000
1761586362928519	82.189000
1761586362986434	84.606000
1761586363037012	80.700000
1761586363090135	79.428000
1761586363144775	79.323000
1761586363198510	78.623000
1761586363258644	84.532000
1761586363306160	77.529000
1761586363365489	81.946000
1761586363412141	74.772000
1761586363465728	74.221000
1761586363528163	82.586000
1761586363580000	79.770000
1761586363632262	76.400000
1761586363689508	79.818000
1761586363743322	79.298000
1761586363796345	78.142000
1761586363853142	81.340000
1761586363897696	71.552000
1761586363961519	80.886000
1761586364013591	78.814000
1761586364069152	80.377000
1761586364124162	80.711000
1761586364181828	83.947000
1761586364230794	78.796000
1761586364285886	80.099000
1761586364339189	79.042000
1761586364394946	80.615000
1761586364449533	81.160000
1761586364497035	74.474000
1761586364557127	80.315000
1761586364614505	83.142000
1761586364663032	77.887000
1761586364718056	79.108000
1761586364772344	78.963000
1761586364827299	79.437000
1761586364883218	81.448000
1761586364933866	77.753000
1761586364989896	79.035000
1761586365047429	82.406000
1761586365098307	79.059000
1761586365151577	77.707000
1761586365212177	83.641000
1761586365260407	77.848000
1761586365314972	77.966000
1761586365369041	77.240000
1761586365423534	77.982000
1761586365480267	80.713000
1761586365531432	77.731000
1761586365587288	79.119000
1761586365644805	82.210000
1761586365697181	80.586000
1761586365748577	77.619000
1761586365811228	85.616000
1761586365862445	84.715000
1761586365907420	75.721000
1761586365963570	77.862000
1761586366016142	75.787000
1761586366077595	82.911000
1761586366128574	80.315000
1761586366181939	79.377000
1761586366233988	76.982000
1761586366288500	77.395000
1761586366345881	81.270000
1761586366395989	77.161000
1761586366450787	77.518000
1761586366510565	82.937000
1761586366560126	78.688000
1761586366615218	80.237000
1761586366669067	79.636000
1761586366726582	82.584000
1761586366776075	78.213000
1761586366830655	78.698000
1761586366884688	77.980000
1761586366938487	77.519000
1761586366996386	81.520000
1761586367046405	77.212000
1761586367102019	78.023000
1761586367160105	82.453000
1761586367211357	79.678000
1761586367269693	83.548000
1761586367317622	77.179000
1761586367378564	83.954000
1761586367427871	79.105000
1761586367482327	78.448000
1761586367544425	86.373000
1761586367587027	75.408000
1761586367647135	81.839000
1761586367695861	76.389000
1761586367752627	78.592000
1761586367812078	83.979000
1761586367857412	75.515000
1761586367914175	78.324000
1761586367968477	78.081000
1761586368027524	82.885000
1761586368073883	75.291000
1761586368130058	77.680000
1761586368184098	77.386000
1761586368237150	76.773000
1761586368294860	79.905000
1761586368344082	74.772000
1761586368402832	78.396000
1761586368462643	83.763000
1761586368511837	78.595000
1761586368566084	78.417000
1761586368628381	86.189000
1761586368678778	82.556000
1761586368730076	79.453000
1761586368790674	85.325000
1761586368843879	84.556000
1761586368894406	80.895000
1761586368952169	83.884000
1761586369004638	81.760000
1761586369055890	78.484000
1761586369115848	83.371000
1761586369169940	83.046000
1761586369219933	77.915000
1761586369278876	82.194000
1761586369330822	79.732000
1761586369393205	87.238000
1761586369444856	84.540000
1761586369495109	80.180000
1761586369545051	74.788000
1761586369604263	79.842000
1761586369662507	82.998000
1761586369715932	81.246000
1761586369762231	73.049000
1761586369828467	83.784000
1761586369874713	75.851000
1761586369929681	76.515000
1761586369985091	77.139000
1761586370044185	82.139000
1761586370096855	80.028000
1761586370156697	84.992000
1761586370206218	80.182000
1761586370267502	85.947000
1761586370317559	81.167000
1761586370370564	79.942000
1761586370428714	83.097000
1761586370476599	76.564000
1761586370532003	77.516000
1761586370588174	79.172000
1761586370642652	79.432000
1761586370694589	76.455000
1761586370749292	76.170000
1761586370809720	82.345000
1761586370859249	76.806000
1761586370919463	82.253000
1761586370962112	70.659000
1761586371027078	81.179000
1761586371082020	81.547000
1761586371127749	73.104000
1761586371187654	78.607000
1761586371240496	76.720000
1761586371291836	73.758000
1761586371349935	77.379000
1761586371402236	75.182000
1761586371460293	79.073000
1761586371513029	76.272000
1761586371575312	83.945000
1761586371617596	71.403000
1761586371678391	77.240000
1761586371739514	83.441000
1761586371789817	79.244000
1761586371845704	80.393000
1761586371899757	79.934000
1761586371954158	79.183000
1761586372013099	83.256000
1761586372060694	76.563000
1761586372117933	79.060000
1761586372177675	83.736000
1761586372228148	79.986000
1761586372289402	85.817000
1761586372341031	82.733000
1761586372396742	83.925000
1761586372451153	83.368000
1761586372501042	78.984000
1761586372555822	79.160000
1761586372609914	78.460000
1761586372664734	78.705000
1761586372717628	76.600000
1761586372778805	83.793000
1761586372827620	78.863000
1761586372881958	78.793000
1761586372936543	78.822000
1761586372995169	83.647000
1761586373041324	75.996000
1761586373102815	83.510000
1761586373152469	78.466000
1761586373212464	84.463000
1761586373255660	73.573000
1761586373314799	78.299000
1761586373368052	76.425000
1761586373424632	78.928000
1761586373478600	79.076000
1761586373532171	78.058000
1761586373588607	80.031000
1761586373644967	80.803000
1761586373693677	75.183000
1761586373751199	78.414000
1761586373809282	82.175000
1761586373858398	77.084000
1761586373912293	76.968000
1761586373969708	79.728000
1761586374027053	83.083000
1761586374077090	79.007000
1761586374129765	76.772000
1761586374193842	86.531000
1761586374247538	86.060000
1761586374293955	78.284000
1761586374346927	76.965000
1761586374401073	76.897000
1761586374460529	82.879000
1761586374511370	79.545000
1761586374565218	78.619000
1761586374625302	84.373000
1761586374676767	81.725000
1761586374727122	77.568000
1761586374789063	85.065000
1761586374834110	75.957000
1761586374894914	83.131000
1761586374945673	79.240000
1761586374996402	75.718000
1761586375058175	83.379000
1761586375100424	71.177000
1761586375164041	80.390000
1761586375214139	76.362000
1761586375272667	81.377000
1761586375325551	79.899000
1761586375381010	80.451000
1761586375436594	81.884000
1761586375481560	72.689000
1761586375544183	81.223000
1761586375601055	83.558000
1761586375645876	74.628000
1761586375708607	84.106000
1761586375760380	81.638000
1761586375817638	83.993000
1761586375862572	75.062000
1761586375922865	81.579000
1761586375977416	81.622000
1761586376028945	78.550000
1761586376080053	75.818000
1761586376143283	85.030000
1761586376195016	82.214000
1761586376260631	92.887000
1761586376291915	69.635000
1761586376336208	60.251000
1761586376393678	64.282000
1761586376445917	63.398000
1761586376496199	60.728000
1761586376548546	59.750000
1761586376601513	59.441000
1761586376661151	67.596000
1761586376713644	66.910000
1761586376763127	63.209000
1761586376816064	63.253000
1761586376868427	62.798000
1761586376920272	61.781000
1761586376977726	65.975000
1761586377030352	65.467000
1761586377081464	63.427000
1761586377132370	61.283000
1761586377184564	59.981000
1761586377247673	69.114000
1761586377295838	63.784000
1761586377346272	60.968000
1761586377402265	63.146000
1761586377458418	65.950000
1761586377511844	66.269000
1761586377564126	65.032000
1761586377616669	63.892000
1761586377677007	72.351000
1761586377731885	73.042000
1761586377791975	78.670000
1761586377846837	79.322000
1761586377895426	73.548000
1761586377949204	73.643000
1761586378007648	77.541000
1761586378062632	77.792000
1761586378113739	74.611000
1761586378169298	75.606000
1761586378228303	80.257000
1761586378279358	77.074000
1761586378329923	73.719000
1761586378380611	70.084000
1761586378445515	80.162000
1761586378496752	77.290000
1761586378550344	76.845000
1761586378606149	78.244000
1761586378658247	75.924000
1761586378714750	77.985000
1761586378767548	76.322000
1761586378825556	79.524000
1761586378880643	80.201000
1761586378933810	78.973000
1761586378987291	77.640000
1761586379044494	80.415000
1761586379096352	77.781000
1761586379149691	76.614000
1761586379202448	75.019000
1761586379263621	82.062000
1761586379312308	75.820000
1761586379368138	76.437000
1761586379427319	81.762000
1761586379477880	77.427000
1761586379531635	76.361000
1761586379584219	74.333000
1761586379643918	79.648000
1761586379696982	77.449000
1761586379757506	84.213000
1761586379810130	82.326000
1761586379860970	78.649000
1761586379914371	77.444000
1761586379974296	83.511000
1761586380027877	83.484000
1761586380078554	79.605000
1761586380136547	83.191000
1761586380188035	80.926000
1761586380239857	78.497000
1761586380298902	82.975000
1761586380347625	76.910000
1761586380409022	84.547000
1761586380461453	82.982000
1761586380511287	78.339000
1761586380570029	83.164000
1761586380621805	80.955000
1761586380678192	82.939000
1761586380728684	79.114000
1761586380788484	84.440000
1761586380840220	82.499000
1761586380894571	82.573000
1761586380944620	78.415000
1761586381001763	81.903000
1761586381052595	79.019000
1761586381110826	82.861000
1761586381162389	80.099000
1761586381214178	77.718000
1761586381269269	79.321000
1761586381325433	81.341000
1761586381376298	78.101000
1761586381434848	82.539000
1761586381485655	79.162000
1761586381541473	80.337000
1761586381591462	76.032000
1761586381645052	75.780000
1761586381704106	81.179000
1761586381759042	81.624000
1761586381808167	76.794000
1761586381866533	80.206000
1761586381922902	81.916000
1761586381975972	80.455000
1761586382029793	80.022000
1761586382079981	75.793000
1761586382140339	81.520000
1761586382194946	81.764000
1761586382247570	80.205000
1761586382303180	80.526000
1761586382358447	81.574000
1761586382410081	78.906000
1761586382461877	75.653000
1761586382516129	75.583000
1761586382577597	82.828000
1761586382630346	80.688000
1761586382680330	76.457000
1761586382739968	81.795000
1761586382794250	81.126000
1761586382845537	78.178000
1761586382902834	80.952000
1761586382955447	79.101000
1761586383013340	82.137000
1761586383062159	77.105000
1761586383119301	80.204000
1761586383174768	81.439000
1761586383229403	81.890000
1761586383276826	75.308000
1761586383334584	79.171000
1761586383391354	81.716000
1761586383445428	81.624000
1761586383495038	77.070000
1761586383551039	79.551000
1761586383606000	80.187000
1761586383662237	82.337000
1761586383717706	83.810000
1761586383767039	79.085000
1761586383822537	80.274000
1761586383878598	82.259000
1761586383935622	85.194000
1761586383984074	79.686000
1761586384038995	80.200000
1761586384095246	82.325000
1761586384152554	85.595000
1761586384198818	77.705000
1761586384257176	81.125000
1761586384311697	81.724000
1761586384362000	77.926000
1761586384415895	77.954000
1761586384472465	80.028000
1761586384527476	80.918000
1761586384576613	75.988000
1761586384633090	78.453000
1761586384688160	78.920000
1761586384744727	81.633000
1761586384794876	77.633000
1761586384849215	77.739000
1761586384904368	78.330000
1761586384962491	81.970000
1761586385010405	75.263000
1761586385068823	79.065000
1761586385127390	83.106000
1761586385178224	79.441000
1761586385231703	77.455000
1761586385284645	75.383000
1761586385344156	80.264000
1761586385396933	78.396000
1761586385451750	78.261000
1761586385511315	83.236000
1761586385561160	78.503000
1761586385621296	83.556000
1761586385667991	75.712000
1761586385730437	83.851000
1761586385779396	77.930000
1761586385837556	81.201000
1761586385884598	73.496000
1761586385945082	79.391000
1761586386004899	84.014000
1761586386061155	85.654000
1761586386112112	81.639000
1761586386170057	84.473000
1761586386221612	81.242000
1761586386276622	81.645000
1761586386333742	83.696000
1761586386385365	81.222000
1761586386438545	79.995000
1761586386494155	80.672000
1761586386550323	82.215000
1761586386602500	80.116000
1761586386660160	83.115000
1761586386714809	82.868000
1761586386766831	80.247000
1761586386823744	82.515000
1761586386879307	82.809000
1761586386931480	80.208000
1761586386985679	79.605000
1761586387043418	82.119000
1761586387094537	78.863000
1761586387149993	79.091000
1761586387208734	83.092000
1761586387254628	74.553000
1761586387310137	75.708000
1761586387372597	83.221000
1761586387417785	73.568000
1761586387478237	79.339000
1761586387530976	77.140000
1761586387588178	79.644000
1761586387644696	81.569000
1761586387695999	77.951000
1761586387749799	77.016000
1761586387808754	81.738000
1761586387863673	81.946000
1761586387911600	75.456000
1761586387969215	78.392000
1761586388028014	82.332000
1761586388083448	82.708000
1761586388134946	79.688000
1761586388191020	81.210000
1761586388245464	80.678000
1761586388245942	136.132000
1761586388251406	86.620000
1761586388302124	82.284000
1761586388352952	78.661000
1761586388411895	82.400000
1761586388465866	81.421000
1761586388512962	74.097000
1761586388573558	80.337000
1761586388629094	80.819000
1761586388684026	81.152000
1761586388735968	78.735000
1761586388793411	80.998000
1761586388851460	83.773000
1761586388902552	82.692000
1761586388955444	81.107000
1761586389010539	81.285000
1761586389066737	82.852000
1761586389113422	74.828000
1761586389169078	75.565000
1761586389221414	73.358000
1761586389281535	78.503000
1761586389333485	75.910000
1761586389385376	73.481000
1761586389437824	71.706000
1761586389495697	74.477000
1761586389550069	74.212000
1761586389611290	81.033000
1761586389660305	75.445000
1761586389716213	76.497000
1761586389779234	85.035000
1761586389818871	70.411000
1761586389878329	75.304000
1761586389932880	76.169000
1761586389984427	73.870000
1761586390037143	72.288000
1761586390094906	76.078000
1761586390161619	87.644000
1761586390209979	81.318000
1761586390265466	82.359000
1761586390265771	137.110000
1761586390266700	83.593000
1761586390326891	88.410000
1761586390379424	86.068000
1761586390428042	80.373000
1761586390486317	83.514000
1761586390542150	84.591000
1761586390595642	83.536000
1761586390644918	77.733000
1761586390705690	84.126000
1761586390757357	80.649000
1761586390812676	81.438000
1761586390870734	84.655000
1761586390924236	83.643000
1761586390976248	81.195000
1761586391030047	79.687000
1761586391089083	84.097000
1761586391142990	83.674000
1761586391194783	80.547000
1761586391260776	91.818000
1761586391295196	72.047000
1761586391353238	75.483000
1761586391410397	77.976000
1761586391461109	74.353000
1761586391513188	71.966000
1761586391571976	76.356000
1761586391627674	77.650000
1761586391679677	75.477000
1761586391733803	74.906000
1761586391791536	78.067000
1761586391846303	78.849000
1761586391894741	73.115000
1761586391951391	75.059000
1761586392007554	76.931000
1761586392058908	73.935000
1761586392112110	72.074000
1761586392168154	73.729000
1761586392230214	80.811000
1761586392282474	78.676000
1761586392337366	79.179000
1761586392394040	81.443000
1761586392442863	76.164000
1761586392498161	77.377000
1761586392552399	76.834000
1761586392609951	80.066000
1761586392661497	77.045000
1761586392717044	77.855000
1761586392777504	83.793000
1761586392828844	81.108000
1761586392887177	84.421000
1761586392933285	76.099000
1761586392993781	81.960000
1761586393043406	76.398000
1761586393101561	80.111000
1761586393159495	83.559000
1761586393212667	82.223000
1761586393266327	81.007000
1761586393317816	78.303000
1761586393377045	82.933000
1761586393430306	81.811000
1761586393485406	82.561000
1761586393535659	78.492000
1761586393591910	79.820000
1761586393647659	81.294000
1761586393698029	77.260000
1761586393753335	78.067000
1761586393812048	82.393000
1761586393862276	78.263000
1761586393919224	80.446000
1761586393970448	77.058000
1761586394028268	80.561000
1761586394081788	79.687000
1761586394141948	85.005000
1761586394194414	82.917000
1761586394250721	84.442000
1761586394302390	81.361000
1761586394352946	77.983000
1761586394410149	80.890000
1761586394463053	79.392000
1761586394518471	79.942000
1761586394574955	82.071000
1761586394629328	81.543000
1761586394683560	81.161000
1761586394730674	73.899000
1761586394789398	78.007000
1761586394849150	82.770000
1761586394896212	75.322000
1761586394954520	79.070000
1761586395012555	81.849000
1761586395068154	82.968000
1761586395118925	79.327000
1761586395178040	83.833000
1761586395230217	81.393000
1761586395283382	79.796000
1761586395334552	76.465000
1761586395394935	81.181000
1761586395449502	81.244000
1761586395502922	80.391000
1761586395558558	81.279000
1761586395614079	81.929000
1761586395664256	77.656000
1761586395722955	81.057000
1761586395778450	81.631000
1761586395828472	77.186000
1761586395883281	76.991000
1761586395945271	83.789000
1761586395991100	74.992000
1761586396048474	77.951000
1761586396101318	75.996000
1761586396161335	81.574000
1761586396212015	77.693000
1761586396268486	78.871000
1761586396321196	77.029000
1761586396378061	79.854000
1761586396429324	76.800000
1761586396492099	84.133000
1761586396543912	81.385000
1761586396597341	80.340000
1761586396655457	83.705000
1761586396708934	82.702000
1761586396761526	80.412000
1761586396817935	81.543000
1761586396869504	78.990000
1761586396927785	82.482000
1761586396978564	78.121000
1761586397036688	81.388000
1761586397093480	83.683000
1761586397148020	83.366000
1761586397195804	76.510000
1761586397266234	92.342000
1761586397310811	82.009000
1761586397366454	82.955000
1761586397416447	78.375000
1761586397470940	78.049000
1761586397529262	81.278000
1761586397579893	77.530000
1761586397632941	75.633000
1761586397694580	82.651000
1761586397743950	78.022000
1761586397797075	76.912000
1761586397860971	86.101000
1761586397905580	76.413000
1761586397962026	78.766000
1761586398014385	76.552000
1761586398074743	82.624000
1761586398127239	80.909000
1761586398177901	76.338000
1761586398239991	83.907000
1761586398288686	78.574000
1761586398343256	77.854000
1761586398403823	83.344000
1761586398448970	74.004000
1761586398508514	78.700000
1761586398564730	79.345000
1761586398623488	82.432000
1761586398680084	83.859000
1761586398729535	78.142000
1761586398783397	76.735000
1761586398841544	80.081000
1761586398895627	79.649000
1761586398949545	77.836000
1761586399011109	84.236000
1761586399060813	79.210000
1761586399115746	78.826000
1761586399176918	84.592000
1761586399222890	75.437000
1761586399283629	81.024000
1761586399337727	79.889000
1761586399391941	78.631000
1761586399447208	78.539000
1761586399508320	83.765000
1761586399558642	79.225000
1761586399613658	78.706000
1761586399675469	84.789000
1761586399725029	79.559000
1761586399778894	78.258000
1761586399834100	78.025000
1761586399891775	80.738000
1761586399945836	80.274000
1761586400000621	79.939000
1761586400058546	82.373000
1761586400109322	77.901000
1761586400167509	80.516000
1761586400223496	80.818000
1761586400279151	82.052000
1761586400329772	77.358000
1761586400391123	83.127000
1761586400441617	78.263000
1761586400495841	77.260000
1761586400550217	76.057000
1761586400608968	79.928000
1761586400661863	77.253000
1761586400716054	76.573000
1761586400775068	79.793000
1761586400828234	78.200000
1761586400882051	76.499000
1761586400942947	82.630000
1761586400994505	79.623000
1761586401048358	77.727000
1761586401109541	83.819000
1761586401158715	78.306000
1761586401214341	78.452000
1761586401272850	81.544000
1761586401324128	78.020000
1761586401381037	79.388000
1761586401442998	85.774000
1761586401490837	78.908000
1761586401553544	85.833000
1761586401607367	84.949000
1761586401657655	81.020000
1761586401709181	77.759000
1761586401764610	78.767000
1761586401824422	84.423000
1761586401874636	81.126000
1761586401925320	77.865000
1761586401981002	79.499000
1761586402040890	85.184000
1761586402090824	81.041000
1761586402142076	78.264000
1761586402197129	78.839000
1761586402258285	85.564000
1761586402264273	145.983000
1761586402268223	95.502000
1761586402309836	82.876000
1761586402361855	79.976000
1761586402419020	81.835000
1761586402474969	83.092000
1761586402526732	80.259000
1761586402577720	76.493000
1761586402633053	77.332000
1761586402683039	73.346000
1761586402735018	70.965000
1761586402795463	76.532000
1761586402849692	76.244000
1761586402901144	73.649000
1761586402957273	75.312000
1761586403014243	77.936000
1761586403066825	75.734000
1761586403118719	73.275000
1761586403176623	77.234000
1761586403229446	75.569000
1761586403283607	74.976000
1761586403342062	79.317000
1761586403393327	76.467000
1761586403446517	75.241000
1761586403502347	76.626000
1761586403557917	77.966000
1761586403611872	77.479000
1761586403669882	81.006000
1761586403728397	84.526000
1761586403778243	79.471000
1761586403837601	84.123000
1761586403889618	81.616000
1761586403943639	80.964000
1761586403996435	78.905000
1761586404053457	80.903000
1761586404102016	75.057000
1761586404161245	79.717000
1761586404214272	78.075000
1761586404268432	77.605000
1761586404327323	82.023000
1761586404378433	78.876000
1761586404433532	78.775000
1761586404489149	79.182000
1761586404545044	80.674000
1761586404596209	77.501000
1761586404651360	78.273000
1761586404707786	79.949000
1761586404763818	81.382000
1761586404811972	75.231000
1761586404870232	79.062000
1761586404927890	81.554000
1761586404978371	77.230000
1761586405036814	81.381000
1761586405088270	78.599000
1761586405146182	81.434000
1761586405203009	83.081000
1761586405260976	86.530000
1761586405310073	81.025000
1761586405363356	79.795000
1761586405423161	84.788000
1761586405476206	83.392000
1761586405527396	79.838000
1761586405581590	79.377000
1761586405641932	84.883000
1761586405686555	75.186000
1761586405745658	80.282000
1761586405799258	79.041000
1761586405853220	78.592000
1761586405911635	82.580000
1761586405959457	75.794000
1761586406016256	78.128000
1761586406070297	77.036000
1761586406128243	80.055000
1761586406181814	79.740000
1761586406236241	79.461000
1761586406300029	88.619000
1761586406379320	112.677000
1761586406440913	119.103000
1761586406503606	127.008000
1761586406560130	128.359000
1761586406612858	126.064000
1761586406667379	125.009000
1761586406726715	129.998000
1761586406771740	119.495000
1761586406825735	118.654000
1761586406865436	103.583000
1761586406916490	99.835000
1761586406978750	106.653000
1761586407029651	103.155000
1761586407081139	99.865000
1761586407133077	96.796000
1761586407185158	94.545000
1761586407243653	98.366000
1761586407298315	97.512000
1761586407351243	95.632000
1761586407411220	101.381000
1761586407463855	99.021000
1761586407517958	97.364000
1761586407572351	96.466000
1761586407629667	99.025000
1761586407686802	100.956000
1761586407729512	89.171000
1761586407769381	74.152000
1761586407819399	70.210000
1761586407869832	66.370000
1761586407929218	71.678000
1761586407992592	81.252000
1761586408029935	64.915000
1761586408030046	118.706000
1761586408030065	65.045000
1761586408065477	48.887000
1761586408118241	49.418000
1761586408169464	48.410000
1761586408221202	47.984000
1761586408275020	49.446000
1761586408330361	52.670000
1761586408382544	52.587000
1761586408434612	52.429000
1761586408486253	51.890000
1761586408540793	54.151000
1761586408588751	49.859000
1761586408646398	55.302000
1761586408693629	50.437000
1761586408757992	62.291000
