1761583698966107	57.029000
1761583699260402	298.473000
1761583699319653	302.073000
1761583699368411	295.036000
1761583699433593	303.346000
1761583699460774	274.650000
1761583699538494	296.789000
1761583699594375	296.361000
1761583699639502	286.918000
1761583699691452	282.685000
1761583699743303	279.112000
1761583699798703	278.911000
1761583699851828	276.209000
1761583699904526	272.651000
1761583699954354	266.211000
1761583700005728	261.486000
1761583700086338	286.136000
1761583700149079	291.891000
1761583700203171	291.195000
1761583700208950	242.027000
1761583700211521	188.029000
1761583700214811	247.888000
1761583700218163	194.671000
1761583700221232	141.806000
1761583700225196	89.467000
1761583700253409	64.173000
1761583700279136	37.786000
1761583700340215	47.330000
1761583700342286	100.936000
1761583700343414	50.529000
1761583700381835	37.392000
1761583700437038	41.020000
1761583700490578	43.045000
1761583700544964	45.917000
1761583700591528	40.965000
1761583700644094	42.022000
1761583700695888	42.294000
1761583700746998	41.913000
1761583700796622	40.018000
1761583700847024	38.934000
1761583700897964	38.351000
1761583700954217	43.119000
1761583701003454	40.841000
1761583701052777	38.614000
1761583701105232	39.164000
1761583701163519	45.953000
1761583701165331	99.263000
1761583701166214	48.648000
1761583701208778	39.683000
1761583701208986	91.420000
1761583701209815	40.720000
1761583701260218	39.641000
1761583701312892	40.789000
1761583701364745	41.105000
1761583701413261	38.176000
1761583701463855	37.286000
1761583701514566	36.381000
1761583701568721	39.008000
1761583701620317	39.062000
1761583701674713	41.988000
1761583701675485	94.230000
1761583701676257	43.532000
1761583701724997	40.756000
1761583701729801	97.076000
1761583701732355	48.114000
1761583701777391	41.688000
1761583701829944	42.680000
1761583701883302	44.565000
1761583701886157	98.893000
1761583701886262	47.525000
1761583701929559	39.317000
1761583701988153	46.398000
1761583702032544	39.237000
1761583702082757	37.947000
1761583702141360	44.548000
1761583702195296	46.871000
1761583702246951	46.025000
1761583702294717	41.225000
1761583702347812	41.848000
1761583702401379	43.036000
1761583702455069	44.435000
1761583702506253	43.191000
1761583702558676	42.968000
1761583702611072	42.776000
1761583702662809	42.048000
1761583702717184	44.024000
1761583702771577	46.099000
1761583702820780	43.027000
1761583702871617	41.245000
1761583702874272	96.519000
1761583702875070	44.698000
1761583702927309	44.266000
1761583702978438	42.921000
1761583703029907	42.048000
1761583703084220	43.895000
1761583703144095	51.103000
1761583703146008	105.683000
1761583703150294	57.302000
1761583703189689	43.359000
1761583703254991	55.463000
1761583703297866	44.996000
1761583703354988	48.881000
1761583703410358	51.092000
1761583703466475	54.232000
1761583703514304	49.110000
1761583703564619	46.089000
1761583703620303	48.301000
1761583703674496	49.266000
1761583703728271	50.080000
1761583703776777	45.901000
1761583703830459	46.808000
1761583703831399	100.523000
1761583703832464	48.813000
1761583703881190	44.534000
1761583703935622	45.720000
1761583703994187	51.252000
1761583703998012	108.110000
1761583704001740	58.805000
1761583704045093	49.262000
1761583704097916	49.231000
1761583704152492	50.610000
1761583704205866	50.880000
1761583704262223	53.756000
1761583704310096	47.860000
1761583704370258	54.715000
1761583704421604	52.907000
1761583704472863	50.945000
1761583704525313	49.892000
1761583704527479	105.561000
1761583704528632	53.211000
1761583704579519	50.516000
1761583704639331	57.033000
1761583704688911	53.581000
1761583704689241	106.943000
1761583704690067	54.737000
1761583704740726	52.131000
1761583704742990	107.660000
1761583704743566	54.971000
1761583704793081	50.712000
1761583704850447	54.672000
1761583704851813	109.444000
1761583704852708	56.933000
1761583704903319	54.555000
1761583704952734	50.794000
1761583705005796	50.419000
1761583705059770	50.789000
1761583705114453	52.206000
1761583705168944	53.478000
1761583705223004	53.951000
1761583705277640	54.514000
1761583705330393	52.926000
1761583705387613	56.262000
1761583705437723	52.496000
1761583705495893	56.323000
1761583705549267	55.678000
1761583705602654	55.323000
1761583705654065	52.911000
1761583705707256	51.578000
1761583705707919	106.765000
1761583705710602	54.924000
1761583705765560	55.664000
1761583705817135	53.298000
1761583705869822	52.282000
1761583705927732	55.881000
1761583705980016	53.779000
1761583706036062	56.000000
1761583706086699	52.328000
1761583706142331	53.183000
1761583706201767	58.724000
1761583706262008	64.209000
1761583706315109	61.937000
1761583706369251	61.425000
1761583706426867	63.328000
1761583706480537	62.039000
1761583706532681	58.872000
1761583706597004	67.676000
1761583706644049	59.832000
1761583706704158	64.637000
1761583706760736	66.079000
1761583706810585	59.981000
1761583706871663	65.528000
1761583706921941	61.071000
1761583706977057	60.571000
1761583707032702	60.749000
1761583707086694	59.980000
1761583707145822	63.680000
1761583707199971	65.395000
1761583707264578	73.879000
1761583707315778	69.607000
1761583707375036	73.366000
1761583707430466	72.347000
1761583707483698	70.107000
1761583707544108	74.484000
1761583707596224	69.975000
1761583707649943	68.518000
1761583707711709	74.106000
1761583707764833	71.415000
1761583707824930	74.893000
1761583707876016	70.051000
1761583707929934	67.814000
1761583707988616	71.167000
1761583708047929	74.226000
1761583708098780	69.471000
1761583708157594	72.649000
1761583708212261	71.516000
1761583708273011	76.654000
1761583708329887	78.273000
1761583708383623	76.216000
1761583708442646	79.546000
1761583708497177	78.504000
1761583708559838	85.528000
1761583708608602	78.741000
1761583708670048	83.734000
1761583708714363	72.420000
1761583708776593	79.393000
1761583708836771	82.299000
1761583708889028	79.324000
1761583708943261	77.774000
1761583709003586	82.490000
1761583709056218	79.810000
1761583709109934	77.573000
1761583709170576	81.505000
1761583709227366	81.971000
1761583709283264	81.301000
1761583709334251	76.205000
1761583709392862	79.204000
1761583709446696	77.573000
1761583709507882	82.306000
1761583709560228	78.904000
1761583709618392	80.681000
1761583709673782	80.528000
1761583709729447	78.987000
1761583709783029	77.394000
1761583709840860	79.232000
1761583709895863	78.916000
1761583709955444	82.370000
1761583710010048	81.649000
1761583710066280	81.771000
1761583710116829	77.390000
1761583710177813	82.677000
1761583710228949	78.217000
1761583710281206	74.637000
1761583710342415	80.643000
1761583710392230	74.688000
1761583710455464	81.241000
1761583710510683	80.992000
1761583710567974	81.938000
1761583710617435	76.083000
1761583710677151	79.698000
1761583710731236	77.961000
1761583710793441	83.926000
1761583710838893	73.884000
1761583710897600	76.965000
1761583710950212	72.926000
1761583711010658	77.825000
1761583711063791	74.440000
1761583711126545	81.666000
1761583711183379	82.759000
1761583711229568	73.181000
1761583711289101	76.428000
1761583711348790	79.888000
1761583711402945	78.094000
1761583711463276	82.312000
1761583711514373	77.952000
1761583711575016	82.715000
1761583711624942	77.250000
1761583711679265	75.803000
1761583711740487	81.518000
1761583711791423	77.280000
1761583711851674	82.016000
1761583711907356	82.609000
1761583711961795	81.448000
1761583712009913	73.726000
1761583712073021	80.657000
1761583712126913	78.197000
1761583712180792	76.296000
1761583712241441	80.681000
1761583712302141	85.346000
1761583712346807	73.780000
1761583712405144	76.772000
1761583712467865	82.800000
1761583712512649	72.325000
1761583712576238	80.336000
1761583712633473	81.528000
1761583712677705	70.209000
1761583712742928	79.247000
1761583712797472	78.196000
1761583712853441	78.358000
1761583712913058	81.861000
1761583712964305	77.944000
1761583713024067	81.922000
1761583713078463	79.850000
1761583713132377	78.015000
1761583713193371	83.097000
1761583713250629	84.528000
1761583713297399	76.343000
1761583713353378	76.332000
1761583713410301	77.322000
1761583713472829	84.316000
1761583713526027	81.835000
1761583713575819	76.399000
1761583713639745	83.818000
1761583713693028	81.819000
1761583713749806	82.564000
1761583713801136	78.354000
1761583713860864	82.311000
1761583713912651	78.771000
1761583713965495	75.945000
1761583714025746	80.221000
1761583714078833	77.179000
1761583714142065	84.607000
1761583714193200	80.623000
1761583714255138	86.234000
1761583714299392	74.679000
1761583714359973	78.916000
1761583714413231	76.551000
1761583714475531	82.655000
1761583714526070	77.660000
1761583714581029	76.788000
1761583714640648	80.569000
1761583714697947	81.756000
1761583714744042	72.615000
1761583714804254	77.119000
1761583714861428	78.739000
1761583714914621	76.229000
1761583714966935	72.577000
1761583715014433	64.541000
1761583715064432	59.609000
1761583715117259	57.631000
1761583715178905	64.049000
1761583715229368	59.686000
1761583715281557	57.089000
1761583715336386	59.152000
1761583715397774	64.958000
1761583715452504	64.534000
1761583715505492	62.763000
1761583715562986	63.841000
1761583715616654	62.200000
1761583715675545	65.625000
1761583715727737	62.180000
1761583715781817	61.232000
1761583715842135	66.251000
1761583715895370	64.358000
1761583715947850	61.951000
1761583716006901	65.618000
1761583716063163	66.929000
1761583716111701	60.808000
1761583716168769	62.373000
1761583716227771	66.251000
1761583716281249	65.056000
1761583716340083	68.264000
1761583716391990	65.751000
1761583716456259	74.377000
1761583716509278	71.704000
1761583716573230	79.965000
1761583716624069	74.537000
1761583716676002	70.870000
1761583716738924	77.895000
1761583716792645	75.225000
1761583716848804	75.485000
1761583716909193	79.186000
1761583716960125	74.128000
1761583717016458	74.392000
1761583717074893	77.142000
1761583717131169	77.364000
1761583717182307	72.787000
1761583717245977	80.436000
1761583717297030	75.289000
1761583717352449	74.289000
1761583717419278	85.222000
1761583717421759	143.599000
1761583717424220	90.164000
1761583717464338	74.625000
1761583717526860	81.593000
1761583717581713	79.379000
1761583717640945	83.064000
1761583717693169	78.728000
1761583717750928	80.636000
1761583717808023	81.972000
1761583717858968	76.857000
1761583717918849	80.634000
1761583717974482	80.720000
1761583718030124	80.528000
1761583718077367	72.562000
1761583718142778	82.091000
1761583718198224	81.281000
1761583718256381	84.402000
1761583718310561	82.506000
1761583718364814	80.555000
1761583718416865	77.383000
1761583718474136	78.465000
1761583718523686	72.537000
1761583718582615	75.437000
1761583718633385	70.013000
1761583718694680	75.404000
1761583718748291	72.500000
1761583718805466	73.608000
1761583718860387	72.759000
1761583718914637	71.152000
1761583718976452	76.691000
1761583719030050	74.482000
1761583719080519	69.596000
1761583719141978	75.688000
1761583719195711	73.379000
1761583719256141	78.067000
1761583719308922	74.751000
1761583719361676	71.152000
1761583719420821	74.446000
1761583719476985	74.575000
1761583719538264	79.819000
1761583719594510	79.677000
1761583719652248	81.541000
1761583719707556	81.416000
1761583719766886	83.853000
1761583719819856	84.384000
1761583719874027	82.589000
1761583719928021	80.427000
1761583719986819	83.247000
1761583720040599	80.642000
1761583720094190	78.121000
1761583720153839	80.640000
1761583720211789	82.920000
1761583720266614	81.496000
1761583720321655	80.498000
1761583720379172	81.836000
1761583720430572	77.960000
1761583720487714	78.749000
1761583720544445	78.512000
1761583720598718	76.685000
1761583720658165	80.272000
1761583720711050	77.095000
1761583720777104	86.964000
1761583720824941	79.328000
1761583720884195	82.174000
1761583720931475	72.984000
1761583720993861	79.939000
1761583721051334	81.163000
1761583721106070	80.221000
1761583721160684	78.816000
1761583721217258	78.916000
1761583721275365	81.124000
1761583721329108	78.103000
1761583721383476	76.476000
1761583721443756	80.978000
1761583721495537	77.103000
1761583721557610	82.310000
1761583721609905	78.105000
1761583721671925	84.150000
1761583721718514	75.236000
1761583721776566	77.708000
1761583721841045	85.880000
1761583721893030	82.183000
1761583721944255	77.565000
1761583722002829	79.900000
1761583722060078	81.747000
1761583722114275	79.572000
1761583722171408	81.207000
1761583722226321	79.876000
1761583722287559	84.757000
1761583722339458	81.460000
1761583722395839	81.699000
1761583722446804	77.210000
1761583722501935	76.347000
1761583722561811	79.478000
1761583722617138	78.813000
1761583722673363	79.092000
1761583722729270	79.094000
1761583722790555	83.580000
1761583722837376	74.542000
1761583722897057	78.312000
1761583722951241	76.488000
1761583723012933	82.210000
1761583723063560	76.618000
1761583723117081	74.102000
1761583723176558	78.287000
1761583723238813	83.767000
1761583723283902	73.190000
1761583723344482	78.099000
1761583723404899	81.735000
1761583723458674	80.484000
1761583723511300	77.085000
1761583723570008	78.797000
1761583723626799	79.425000
1761583723682839	79.431000
1761583723741093	82.051000
1761583723796976	82.283000
1761583723849610	79.125000
1761583723910590	83.454000
1761583723960821	76.901000
1761583724018095	77.905000
1761583724079794	83.275000
1761583724131949	79.450000
1761583724188217	79.805000
1761583724255068	90.332000
1761583724292739	72.508000
1761583724359206	82.845000
1761583724414443	81.318000
1761583724466165	76.976000
1761583724528210	82.420000
1761583724578556	76.294000
1761583724643453	85.159000
1761583724691192	76.742000
1761583724746969	76.555000
1761583724810934	83.915000
1761583724858302	74.859000
1761583724918265	78.676000
1761583724977912	82.247000
1761583725031545	79.001000
1761583725085820	77.504000
1761583725143585	79.213000
1761583725199845	79.802000
1761583725258387	81.599000
1761583725312984	79.985000
1761583725367356	78.126000
1761583725425456	80.042000
1761583725480012	78.716000
1761583725535506	78.451000
1761583725593355	79.129000
1761583725648780	77.707000
1761583725709471	82.556000
1761583725762600	80.058000
1761583725821610	82.846000
1761583725875057	79.833000
1761583725933815	82.566000
1761583725986226	79.000000
1761583726044216	79.364000
1761583726103952	81.948000
1761583726155263	77.893000
1761583726216468	82.525000
1761583726266492	76.850000
1761583726326600	81.386000
1761583726377914	77.309000
1761583726437753	80.794000
1761583726493853	80.410000
1761583726551033	81.622000
1761583726605407	79.326000
1761583726662163	79.866000
1761583726717588	78.905000
1761583726773708	79.484000
1761583726831054	80.531000
1761583726885822	79.391000
1761583726943459	80.768000
1761583726995319	76.823000
1761583727053818	79.519000
1761583727111310	80.248000
1761583727162953	76.294000
1761583727225799	83.065000
1761583727274968	76.598000
1761583727334722	80.467000
1761583727393315	82.225000
1761583727444154	77.091000
1761583727509160	85.650000
1761583727558211	78.755000
1761583727621849	85.437000
1761583727671319	78.990000
1761583727727592	79.505000
1761583727790192	85.702000
1761583727843501	82.567000
1761583727899806	82.388000
1761583727947169	73.779000
1761583728010100	80.651000
1761583728067288	82.483000
1761583728119058	78.893000
1761583728174299	77.637000
1761583728231318	78.790000
1761583728285861	76.840000
1761583728348239	82.996000
1761583728399585	77.904000
1761583728460767	83.220000
1761583728512305	78.010000
1761583728573981	82.406000
1761583728627595	79.628000
1761583728681144	77.194000
1761583728735880	75.466000
1761583728797853	80.552000
1761583728859471	86.086000
1761583728903645	74.666000
1761583728960233	75.517000
1761583729025165	84.451000
1761583729074891	78.910000
1761583729134912	82.918000
1761583729182427	74.608000
1761583729241864	78.217000
1761583729301027	81.241000
1761583729348030	73.109000
1761583729411131	80.631000
1761583729468383	81.436000
1761583729523662	80.848000
1761583729577291	78.018000
1761583729633965	78.367000
1761583729690000	77.985000
1761583729750664	82.821000
1761583729802811	78.704000
1761583729863764	83.506000
1761583729911274	75.344000
1761583729975585	84.162000
1761583730054276	106.562000
1761583730123599	119.569000
1761583730179924	119.958000
1761583730232192	116.695000
1761583730288442	116.257000
1761583730352080	124.177000
1761583730428308	144.366000
1761583730477468	137.372000
1761583730527948	131.738000
1761583730537582	197.486000
1761583730539484	143.274000
1761583730584150	131.699000
1761583730638977	129.569000
1761583730674811	109.419000
1761583730716079	94.697000
1761583730760338	83.848000
1761583730817654	84.428000
1761583730867956	78.764000
1761583730924632	79.791000
1761583730984944	83.938000
1761583731029827	73.003000
1761583731092249	78.851000
1761583731150659	81.189000
1761583731196891	71.849000
1761583731261512	80.615000
1761583731317989	80.549000
1761583731375087	81.365000
1761583731434248	84.306000
1761583731479330	73.399000
1761583731543283	81.388000
1761583731598722	79.686000
1761583731645075	70.273000
1761583731696712	65.433000
1761583731749430	62.768000
1761583731809909	67.230000
1761583731864304	64.797000
1761583731926434	71.678000
1761583731977058	65.529000
1761583732030104	63.084000
1761583732093142	69.722000
1761583732145006	65.451000
1761583732196716	61.665000
1761583732259466	67.844000
1761583732310933	63.756000
1761583732368686	66.616000
1761583732426481	68.722000
1761583732482263	69.495000
1761583732530334	62.447000
1761583732596429	72.570000
1761583732643107	63.975000
1761583732709661	74.867000
1761583732763077	72.860000
1761583732825648	79.336000
1761583732884684	82.165000
1761583732930449	72.502000
1761583732993945	79.892000
1761583733049532	79.422000
1761583733103404	77.275000
1761583733165704	82.567000
1761583733215766	77.350000
1761583733272271	77.588000
1761583733330747	79.805000
1761583733384172	76.867000
1761583733443988	79.909000
1761583733492404	72.700000
1761583733551421	75.772000
1761583733606202	74.216000
1761583733664795	77.399000
1761583733721487	76.681000
1761583733781411	80.663000
1761583733835389	78.220000
1761583733894492	80.899000
1761583733948854	79.142000
1761583734009522	82.928000
1761583734061872	80.139000
1761583734125811	88.043000
1761583734178552	84.462000
1761583734229084	78.949000
1761583734292149	85.432000
1761583734344327	82.117000
1761583734403093	84.905000
1761583734455296	80.662000
1761583734512760	82.006000
1761583734567586	80.527000
1761583734621676	79.532000
1761583734682094	84.125000
1761583734728279	74.149000
1761583734785990	76.467000
1761583734846824	81.023000
1761583734899675	78.701000
1761583734957057	80.004000
1761583735014224	81.036000
1761583735066382	77.558000
1761583735120928	75.998000
1761583735178704	78.114000
1761583735233602	77.011000
1761583735291814	78.599000
1761583735345725	77.541000
1761583735409366	85.011000
1761583735451530	71.889000
1761583735512443	76.904000
1761583735565876	74.039000
1761583735626652	79.513000
1761583735679844	76.603000
1761583735742834	83.750000
1761583735794341	79.148000
1761583735846453	74.849000
1761583735906278	79.298000
1761583735961572	79.320000
1761583735963040	136.060000
1761583735967048	84.796000
1761583736018741	80.496000
1761583736071481	77.775000
1761583736126952	77.180000
1761583736186829	81.060000
1761583736244371	83.338000
1761583736298103	80.908000
1761583736350676	78.022000
1761583736411209	82.522000
1761583736458934	74.764000
1761583736518741	78.880000
1761583736577281	81.131000
1761583736629238	77.787000
1761583736690976	83.363000
1761583736734712	71.457000
1761583736795201	75.892000
1761583736848815	73.148000
1761583736907514	76.270000
1761583736969293	82.377000
1761583737012794	70.483000
1761583737076012	77.770000
1761583737127453	72.872000
1761583737190477	80.412000
1761583737245640	79.744000
1761583737293339	72.047000
1761583737354962	77.888000
1761583737407765	74.819000
1761583737464314	75.971000
1761583737521719	77.369000
1761583737572142	72.642000
1761583737632159	76.680000
1761583737686905	75.130000
1761583737745605	78.480000
1761583737807687	84.132000
1761583737859702	80.270000
1761583737922228	86.523000
1761583737973861	81.906000
1761583738027125	79.317000
1761583738086296	81.885000
1761583738140391	80.442000
1761583738193808	78.215000
1761583738251292	79.424000
1761583738310679	82.780000
1761583738365693	81.490000
1761583738418920	79.139000
1761583738479176	83.384000
1761583738530538	78.569000
1761583738584645	77.341000
1761583738643816	80.543000
1761583738697817	78.726000
1761583738751198	75.759000
1761583738808754	78.346000
1761583738863067	76.713000
1761583738915388	73.138000
1761583738975911	78.405000
1761583739029616	76.151000
1761583739092034	82.598000
1761583739142616	77.404000
1761583739205753	83.374000
1761583739250028	72.757000
1761583739309694	76.140000
1761583739372044	81.771000
1761583739425548	79.736000
1761583739485090	82.994000
1761583739530386	72.071000
1761583739592983	79.371000
1761583739644192	74.631000
1761583739697872	72.926000
1761583739758997	77.558000
1761583739820188	82.427000
1761583739873147	79.583000
1761583739932835	82.540000
1761583739979359	72.971000
1761583740040722	78.736000
1761583740101627	83.600000
1761583740153485	80.084000
1761583740209807	80.624000
1761583740259488	73.842000
1761583740322137	81.340000
1761583740380085	84.149000
1761583740432823	81.239000
1761583740486355	79.115000
1761583740541750	78.846000
1761583740599712	79.994000
1761583740655877	79.828000
1761583740713741	81.122000
1761583740766791	78.567000
1761583740826812	82.489000
1761583740878643	77.923000
1761583740935320	77.911000
1761583740994714	81.207000
1761583741048559	79.541000
1761583741109511	84.471000
1761583741159257	78.463000
1761583741224614	87.820000
1761583741266444	73.563000
1761583741326712	77.811000
1761583741390142	84.980000
1761583741441946	80.703000
1761583741494660	77.453000
1761583741549544	75.705000
1761583741608585	79.141000
1761583741672206	85.498000
1761583741724951	82.345000
1761583741783263	84.313000
1761583741828245	73.145000
1761583741889297	78.644000
1761583741944324	77.581000
1761583742007678	84.369000
1761583742059712	80.933000
1761583742110938	75.008000
1761583742170796	78.972000
1761583742226779	78.683000
1761583742284903	80.834000
1761583742336493	78.360000
1761583742393515	79.655000
1761583742450862	79.917000
1761583742507156	80.086000
1761583742565694	81.491000
1761583742612344	72.627000
1761583742673813	78.338000
1761583742732401	80.590000
1761583742786168	78.211000
1761583742848571	84.437000
1761583742899355	78.960000
1761583742956064	79.608000
1761583743013577	81.071000
1761583743065088	77.000000
1761583743122394	78.286000
1761583743181018	80.882000
1761583743235429	79.615000
1761583743289784	77.847000
1761583743349052	80.826000
1761583743402143	77.784000
1761583743457037	76.660000
1761583743514570	78.869000
1761583743576739	84.401000
1761583743624083	75.725000
1761583743681678	77.489000
1761583743743788	83.319000
1761583743794380	77.959000
1761583743851041	78.047000
1761583743914854	84.883000
1761583743963559	78.177000
1761583744026618	85.039000
1761583744075486	77.594000
1761583744133661	79.571000
1761583744193410	82.102000
1761583744248763	81.738000
1761583744249714	138.406000
1761583744253576	86.551000
1761583744308911	84.666000
1761583744359727	79.293000
1761583744422304	85.380000
1761583744475810	82.464000
1761583744526335	77.053000
1761583744589830	84.485000
1761583744641300	80.021000
1761583744696271	79.005000
1761583744756848	83.070000
1761583744806531	76.612000
1761583744860502	74.187000
1761583744918141	76.589000
1761583744971620	74.011000
1761583745013911	60.185000
1761583745066603	57.678000
1761583745124635	60.776000
1761583745177674	59.241000
1761583745230941	57.251000
1761583745288238	59.898000
1761583745342197	59.053000
1761583745396428	57.896000
1761583745454854	61.299000
1761583745506412	57.951000
1761583745560402	56.910000
1761583745618218	59.815000
1761583745674790	61.442000
1761583745727559	59.194000
1761583745780581	59.566000
1761583745846548	69.160000
1761583745900367	67.473000
1761583745955656	66.418000
1761583746016068	70.651000
1761583746067595	66.551000
1761583746124634	67.549000
1761583746180758	68.296000
1761583746235853	67.565000
1761583746292651	68.220000
1761583746344353	64.388000
1761583746404105	67.947000
1761583746463710	71.578000
1761583746513753	66.343000
1761583746577135	73.381000
1761583746630069	70.664000
1761583746682309	67.318000
1761583746737788	67.104000
1761583746794574	70.538000
1761583746855533	75.408000
1761583746915059	79.056000
1761583746969541	77.141000
1761583747026012	77.050000
1761583747082326	77.405000
1761583747139364	77.978000
1761583747193310	76.017000
1761583747248523	75.389000
1761583747306070	76.457000
1761583747361100	75.064000
1761583747418902	76.401000
1761583747476158	76.549000
1761583747532511	76.910000
1761583747587309	75.628000
1761583747643793	75.457000
1761583747701963	77.084000
1761583747755980	74.589000
1761583747815978	79.001000
1761583747871572	77.986000
1761583747930500	80.428000
1761583747985701	79.254000
1761583748044809	82.767000
1761583748096337	78.605000
1761583748152888	78.862000
1761583748211505	80.472000
1761583748265926	78.720000
1761583748328989	85.543000
1761583748377720	78.017000
1761583748442264	85.559000
1761583748493621	80.813000
1761583748548263	78.604000
1761583748611381	85.381000
1761583748663906	81.483000
1761583748722207	83.622000
1761583748775331	80.773000
1761583748830286	79.156000
1761583748887013	79.300000
1761583748942979	78.983000
1761583748997323	77.268000
1761583749053825	77.705000
1761583749114563	82.343000
1761583749162919	74.618000
1761583749221990	77.926000
1761583749282149	81.360000
1761583749337475	80.460000
1761583749392158	78.990000
1761583749448754	79.692000
1761583749504069	78.813000
1761583749559015	77.485000
1761583749616038	78.803000
1761583749678640	84.527000
1761583749729824	79.717000
1761583749783488	76.898000
1761583749844807	82.094000
1761583749895787	76.634000
1761583749960047	84.725000
1761583750012553	81.137000
1761583750065774	78.165000
1761583750126489	82.706000
1761583750178060	78.671000
1761583750239774	84.242000
1761583750290782	79.115000
1761583750346496	78.315000
1761583750406682	82.342000
1761583750462597	81.797000
1761583750520004	82.718000
1761583750571214	78.355000
1761583750632560	83.371000
1761583750685215	79.888000
1761583750740970	79.492000
1761583750799056	81.544000
1761583750850985	77.494000
1761583750910623	79.950000
1761583750963174	76.813000
1761583751020650	77.343000
1761583751079670	80.746000
1761583751132697	77.232000
1761583751194774	83.775000
1761583751249695	82.282000
1761583751312385	88.414000
1761583751359975	80.253000
1761583751413781	77.809000
1761583751468334	75.696000
1761583751527706	79.197000
1761583751587615	82.288000
1761583751636889	75.574000
1761583751695643	78.320000
1761583751756594	83.360000
1761583751811552	82.117000
1761583751863615	78.311000
1761583751922864	81.381000
1761583751979182	81.849000
1761583752033951	79.599000
1761583752089665	79.202000
1761583752150368	82.963000
1761583752202589	79.208000
1761583752261947	81.651000
1761583752313232	76.961000
1761583752369786	77.505000
1761583752431162	81.689000
1761583752485368	80.123000
1761583752539876	77.839000
1761583752598936	80.746000
1761583752653138	78.609000
1761583752708465	78.200000
1761583752765656	78.823000
1761583752819877	76.632000
1761583752882170	82.334000
1761583752932632	76.753000
1761583752995717	82.393000
1761583753047152	77.763000
1761583753109361	83.328000
1761583753159656	77.827000
1761583753214305	75.673000
1761583753276571	81.160000
1761583753328737	77.789000
1761583753392742	85.783000
1761583753442900	80.144000
1761583753497478	78.709000
1761583753557080	81.229000
1761583753611138	78.526000
1761583753670151	81.024000
1761583753726322	81.644000
1761583753783380	81.299000
1761583753838556	80.161000
1761583753896252	80.618000
1761583753950869	78.254000
1761583754009640	80.123000
1761583754065395	79.699000
1761583754120171	77.743000
1761583754177124	78.511000
1761583754232949	77.867000
1761583754291379	79.456000
1761583754345931	78.531000
1761583754407560	83.743000
1761583754459663	80.289000
1761583754513194	77.579000
1761583754575494	83.503000
1761583754628576	80.559000
1761583754685165	79.987000
1761583754740920	79.017000
1761583754798971	81.239000
1761583754852676	78.413000
1761583754911001	80.751000
1761583754966422	80.070000
1761583755028045	85.423000
1761583755076927	78.299000
1761583755141825	86.836000
1761583755192423	81.572000
1761583755249228	81.744000
1761583755251567	140.716000
1761583755252577	85.093000
1761583755304921	80.921000
1761583755361240	80.977000
1761583755417763	81.133000
1761583755470995	78.646000
1761583755531689	83.122000
1761583755582790	78.001000
1761583755644544	83.379000
1761583755699874	82.116000
1761583755751708	78.250000
1761583755814044	83.661000
1761583755865531	79.107000
1761583755920210	77.070000
1761583755971596	72.261000
1761583756031803	75.611000
1761583756084411	72.261000
1761583756143550	74.979000
1761583756199515	75.260000
1761583756255008	75.343000
1761583756311092	75.729000
1761583756366008	73.860000
1761583756429177	80.803000
1761583756477481	73.060000
1761583756539080	79.027000
1761583756590709	74.483000
1761583756645919	74.635000
1761583756698248	71.575000
1761583756760423	77.244000
1761583756811104	72.378000
1761583756868582	73.620000
1761583756925793	75.116000
1761583756979839	73.152000
1761583757047521	85.065000
1761583757099778	81.120000
1761583757155665	81.022000
1761583757213338	81.293000
1761583757266854	78.703000
1761583757330361	84.933000
1761583757380011	78.388000
1761583757432760	78.674000
1761583757486415	79.849000
1761583757539518	80.545000
1761583757592702	81.299000
1761583757651675	84.195000
1761583757701590	78.011000
1761583757760630	80.915000
1761583757816011	80.117000
1761583757873427	81.296000
1761583757932301	83.629000
1761583757989970	84.892000
1761583757994550	145.878000
1761583757998756	93.678000
1761583758043170	81.850000
1761583758094683	77.652000
1761583758156381	82.622000
1761583758207686	77.616000
1761583758263939	77.617000
1761583758322615	79.240000
1761583758377316	77.853000
1761583758438478	81.782000
1761583758496186	83.452000
1761583758550789	81.728000
1761583758602336	76.802000
1761583758660645	79.060000
1761583758712332	77.999000
1761583758767620	77.120000
1761583758826091	78.928000
1761583758887073	84.322000
1761583758938773	80.629000
1761583758991613	77.925000
1761583759044778	75.319000
1761583759099155	73.040000
1761583759157251	74.981000
1761583759213872	75.246000
1761583759268539	73.363000
1761583759327857	76.723000
1761583759381240	74.613000
1761583759431890	72.797000
1761583759492559	77.313000
1761583759549216	77.955000
1761583759605060	76.938000
1761583759657431	73.170000
1761583759716352	74.721000
1761583759770827	73.251000
1761583759829821	75.838000
1761583759889092	79.029000
1761583759945330	78.056000
1761583760016620	93.400000
1761583760090903	111.713000
1761583760159320	123.133000
1761583760225222	132.678000
1761583760289241	139.877000
1761583760342831	137.398000
1761583760405195	142.495000
1761583760457791	138.691000
1761583760509924	134.574000
1761583760574023	142.835000
1761583760632855	144.695000
1761583760689135	144.949000
1761583760737137	137.266000
1761583760798677	142.897000
1761583760858359	147.036000
1761583760903750	136.188000
1761583760964078	140.879000
1761583761012806	133.868000
1761583761041263	106.120000
1761583761073404	82.500000
1761583761111271	64.169000
1761583761166063	63.349000
1761583761219613	62.468000
1761583761271933	59.371000
1761583761327033	59.443000
1761583761379481	56.885000
1761583761439958	61.969000
1761583761491468	58.613000
1761583761544891	56.874000
1761583761610417	67.308000
1761583761655630	57.078000
1761583761724170	70.054000
1761583761770028	61.273000
1761583761823028	58.962000
1761583761879595	60.274000
1761583761932229	58.436000
1761583761990424	63.428000
1761583762047744	65.117000
1761583762101748	63.744000
1761583762160050	66.411000
1761583762212345	62.905000
1761583762275248	70.408000
1761583762331543	70.775000
1761583762377776	61.482000
1761583762438374	66.067000
1761583762492598	64.507000
1761583762550567	66.772000
1761583762605377	66.040000
1761583762660763	65.619000
1761583762717196	66.120000
1761583762776473	70.119000
1761583762832225	70.049000
1761583762886366	68.791000
1761583762941247	67.319000
1761583762996460	69.236000
1761583763061054	77.719000
1761583763063531	136.307000
1761583763072590	89.255000
1761583763110924	71.126000
1761583763165459	70.257000
1761583763229376	78.459000
1761583763279455	72.499000
1761583763340076	76.814000
1761583763393542	73.876000
1761583763452384	76.689000
1761583763512420	80.448000
1761583763564294	76.127000
1761583763618333	73.643000
1761583763678701	77.600000
1761583763733907	76.649000
1761583763790308	77.668000
1761583763844735	75.520000
1761583763896585	71.627000
1761583763956654	76.043000
1761583764019072	81.444000
1761583764068503	74.172000
1761583764120607	70.224000
1761583764190410	83.358000
1761583764236068	72.847000
1761583764236725	129.673000
1761583764243319	80.098000
1761583764293203	74.122000
1761583764347296	71.601000
1761583764406862	75.537000
1761583764464293	75.970000
1761583764520019	75.428000
1761583764574580	73.999000
1761583764632317	76.279000
1761583764687763	75.607000
1761583764745304	77.482000
1761583764800393	76.728000
1761583764852270	72.739000
1761583764913006	76.938000
1761583764965659	73.232000
1761583765024728	76.501000
1761583765084685	79.752000
1761583765139308	78.387000
1761583765190365	73.273000
1761583765250775	78.251000
1761583765310986	82.545000
1761583765356569	72.353000
1761583765414807	74.252000
1761583765468471	71.419000
1761583765530807	77.973000
1761583765588603	79.928000
1761583765643147	77.487000
1761583765695298	73.760000
1761583765753002	75.973000
1761583765807488	74.356000
1761583765865330	76.380000
1761583765919976	74.929000
1761583765972207	71.570000
1761583766033023	76.362000
1761583766087178	74.514000
1761583766158339	89.453000
1761583766204103	78.592000
1761583766259944	78.569000
1761583766319802	81.507000
1761583766371950	77.434000
1761583766434264	82.710000
1761583766487324	79.524000
1761583766547152	83.344000
1761583766599387	79.983000
1761583766660925	85.142000
1761583766712662	80.495000
1761583766767557	78.873000
1761583766826604	81.307000
1761583766878322	77.845000
1761583766940685	83.346000
1761583766992223	79.426000
1761583767054237	85.370000
1761583767105656	80.273000
1761583767158783	77.750000
1761583767216175	78.905000
1761583767270424	77.239000
1761583767329970	80.317000
1761583767391205	85.146000
1761583767436049	73.345000
1761583767499480	80.553000
1761583767555636	80.041000
1761583767613978	82.629000
1761583767667053	78.784000
1761583767722156	78.196000
1761583767781161	81.043000
1761583767835010	79.117000
1761583767885996	73.772000
1761583767948973	80.984000
1761583768001559	77.686000
1761583768065839	86.430000
1761583768119600	83.827000
1761583768169702	77.650000
1761583768231519	83.493000
1761583768283139	82.383000
1761583768330999	74.790000
1761583768392038	79.566000
1761583768451541	83.296000
1761583768503982	79.746000
1761583768562423	82.437000
1761583768614035	77.764000
1761583768674395	82.266000
1761583768724672	76.812000
1761583768787329	83.304000
1761583768838437	78.696000
1761583768894312	78.477000
1761583768953267	81.176000
1761583769006906	78.742000
1761583769065025	80.672000
1761583769118692	77.994000
1761583769171583	74.045000
1761583769230269	77.041000
1761583769285418	75.054000
1761583769343298	77.480000
1761583769399004	76.841000
1761583769457057	79.030000
1761583769512199	77.845000
1761583769570733	81.240000
1761583769623742	78.565000
1761583769683180	81.939000
1761583769735380	78.354000
1761583769789684	76.113000
1761583769848820	79.367000
1761583769903644	77.501000
1761583769962234	80.220000
1761583770015589	77.609000
1761583770074489	80.508000
1761583770129377	79.620000
1761583770188892	82.799000
1761583770240481	77.875000
1761583770301951	83.157000
1761583770353363	78.984000
1761583770414370	83.876000
1761583770466315	79.729000
1761583770527917	85.062000
1761583770579312	80.144000
1761583770632427	77.170000
1761583770692180	80.032000
1761583770745517	77.096000
1761583770805231	80.218000
1761583770858519	77.347000
1761583770917633	80.333000
1761583770971748	78.358000
1761583771025378	75.168000
1761583771085030	78.911000
1761583771146178	83.791000
1761583771197432	78.935000
1761583771258794	83.810000
1761583771309835	78.779000
1761583771371397	83.915000
1761583771425522	81.779000
1761583771476851	76.999000
1761583771540303	84.151000
1761583771593180	81.572000
1761583771648487	80.761000
1761583771706051	81.974000
1761583771760835	80.968000
1761583771814020	78.538000
1761583771877702	86.842000
1761583771928347	81.237000
1761583771988967	85.687000
1761583772042892	83.440000
1761583772096569	81.332000
1761583772146104	74.843000
1761583772203842	76.123000
1761583772258545	75.124000
1761583772316907	77.930000
1761583772376759	81.390000
1761583772429378	78.208000
1761583772489304	81.811000
1761583772533893	70.620000
1761583772601834	82.386000
1761583772647165	71.996000
1761583772708593	76.622000
1761583772772820	84.618000
1761583772819686	75.692000
1761583772882551	82.385000
1761583772932474	75.749000
1761583772985859	73.442000
1761583773046224	78.020000
1761583773099343	74.722000
1761583773158303	77.724000
1761583773218704	81.161000
1761583773271615	78.210000
1761583773331130	81.019000
1761583773383912	78.049000
1761583773443149	80.291000
1761583773496412	78.106000
1761583773557936	83.202000
1761583773609303	78.557000
1761583773670563	83.669000
1761583773721395	78.723000
1761583773774714	76.107000
1761583773833908	79.263000
1761583773887205	76.687000
1761583773946365	79.220000
1761583774007134	83.631000
1761583774058678	79.163000
1761583774119967	83.789000
1761583774170583	77.617000
1761583774233969	84.842000
1761583774283563	78.499000
1761583774344902	83.556000
1761583774396238	79.061000
1761583774457756	84.161000
1761583774508950	79.471000
1761583774562520	76.824000
1761583774621347	80.077000
1761583774675151	77.895000
1761583774734571	81.299000
1761583774787468	77.853000
1761583774846420	80.554000
1761583774899513	77.377000
1761583774959021	81.236000
1761583774999125	65.338000
1761583775049364	61.092000
1761583775102854	59.464000
1761583775156646	59.494000
1761583775215503	63.015000
1761583775274416	66.445000
1761583775324292	61.427000
1761583775376149	57.946000
1761583775436946	63.217000
1761583775490520	61.733000
1761583775542252	58.096000
1761583775601855	62.157000
1761583775654978	60.181000
1761583775712419	62.090000
1761583775767148	61.991000
1761583775824692	63.519000
1761583775878675	62.521000
1761583775930551	59.141000
1761583775990180	63.521000
1761583776042244	60.528000
1761583776099646	62.402000
1761583776153481	61.298000
1761583776209020	63.476000
1761583776279415	78.014000
1761583776282755	137.211000
1761583776285443	84.042000
1761583776327809	70.492000
1761583776386331	73.053000
1761583776441404	72.106000
1761583776501213	76.047000
1761583776559613	77.952000
1761583776614694	76.904000
1761583776666583	72.259000
1761583776728094	77.396000
1761583776779630	72.571000
1761583776838740	75.954000
1761583776897304	78.485000
1761583776951651	76.588000
1761583777003867	73.116000
1761583777062550	75.300000
1761583777117498	74.358000
1761583777175799	76.859000
1761583777229547	73.395000
1761583777289289	77.395000
1761583777347781	80.562000
1761583777400292	77.312000
1761583777455126	75.999000
1761583777507349	72.305000
1761583777566589	75.517000
1761583777624937	78.612000
1761583777677078	74.509000
1761583777731977	73.498000
1761583777790758	76.346000
1761583777845641	74.907000
1761583777901874	75.265000
1761583777956357	73.794000
1761583778015601	77.398000
1761583778070450	75.711000
1761583778122496	71.826000
1761583778180416	73.065000
1761583778241018	78.008000
1761583778299538	80.526000
1761583778358606	82.912000
1761583778410751	78.477000
1761583778470412	81.788000
1761583778522724	78.429000
1761583778584665	84.124000
1761583778636977	79.886000
1761583778695843	82.306000
1761583778748298	78.303000
1761583778810232	84.039000
1761583778862413	79.697000
1761583778922258	83.662000
1761583778973983	79.251000
1761583779028931	77.360000
1761583779088376	80.901000
1761583779147679	84.496000
1761583779199942	80.166000
1761583779255754	80.523000
1761583779313676	82.352000
1761583779364862	78.023000
1761583779426265	82.620000
1761583779477590	77.471000
1761583779539297	82.544000
1761583779590282	77.570000
1761583779652048	83.234000
1761583779701647	77.215000
1761583779756293	76.081000
1761583779816381	79.245000
1761583779870754	77.233000
1761583779928947	78.656000
1761583779990608	83.614000
1761583780041865	78.609000
1761583780095840	76.412000
1761583780154660	79.497000
1761583780208698	77.792000
1761583780267757	80.547000
1761583780322200	78.870000
1761583780382033	81.722000
1761583780437500	81.562000
1761583780495885	83.701000
1761583780547991	79.462000
1761583780602929	77.519000
1761583780662453	81.378000
1761583780717479	80.334000
1761583780776389	83.473000
1761583780827790	78.982000
1761583780887101	81.887000
1761583780938904	77.591000
1761583781001358	83.669000
1761583781053316	79.516000
1761583781108346	78.510000
1761583781167764	80.971000
1761583781222857	80.303000
1761583781282127	82.141000
1761583781333371	78.180000
1761583781395308	83.283000
1761583781446956	78.197000
1761583781508565	83.711000
1761583781559901	79.506000
1761583781614727	78.594000
1761583781673547	81.252000
1761583781729233	81.196000
1761583781787231	83.079000
1761583781838124	78.499000
1761583781893618	77.348000
1761583781952161	79.715000
1761583782006744	78.148000
1761583782065618	80.638000
1761583782119931	78.992000
1761583782178662	80.510000
1761583782233225	79.048000
1761583782291395	81.036000
1761583782343419	77.128000
1761583782402500	80.070000
1761583782457076	78.395000
1761583782516033	80.746000
1761583782570273	79.421000
1761583782629380	82.275000
1761583782681324	77.845000
1761583782743138	83.728000
1761583782794157	77.943000
1761583782849556	76.893000
1761583782908552	79.251000
1761583782962854	78.193000
1761583783021889	80.790000
1761583783076531	79.078000
1761583783135561	81.364000
1761583783190292	80.019000
1761583783249167	82.358000
1761583783299759	77.190000
1761583783359411	80.615000
1761583783414508	79.221000
1761583783473319	81.588000
1761583783525225	77.760000
1761583783587549	84.294000
1761583783638363	79.011000
1761583783701937	86.953000
1761583783752329	80.816000
1761583783803863	76.357000
1761583783865372	81.747000
1761583783920435	79.581000
1761583783976971	79.688000
1761583784034460	80.838000
1761583784091839	81.917000
1761583784147730	81.467000
1761583784205584	83.024000
1761583784257604	78.739000
1761583784315240	80.065000
1761583784371967	80.215000
1761583784427286	79.407000
1761583784485889	81.693000
1761583784538501	78.187000
1761583784598467	81.771000
1761583784654032	81.740000
1761583784717148	88.779000
1761583784761792	76.962000
1761583784824024	83.257000
1761583784876190	78.696000
1761583784931428	78.069000
1761583784990021	80.577000
1761583785045072	79.543000
1761583785105054	82.584000
1761583785157963	79.413000
1761583785218265	82.181000
1761583785270744	78.530000
1761583785330289	81.048000
1761583785385794	80.043000
1761583785441739	80.222000
1761583785496072	77.988000
1761583785554195	79.965000
1761583785608690	78.740000
1761583785668109	82.577000
1761583785719246	78.401000
1761583785779835	83.458000
1761583785831453	78.587000
1761583785893304	83.936000
1761583785945919	80.785000
1761583785998750	78.192000
1761583786054753	81.757000
1761583786110220	84.786000
1761583786157736	79.808000
1761583786207398	76.968000
1761583786262594	77.824000
1761583786321637	80.647000
1761583786375182	78.230000
1761583786429162	76.302000
1761583786487825	78.714000
1761583786542314	77.320000
1761583786601820	80.932000
1761583786655192	77.721000
1761583786708585	74.499000
1761583786767046	77.477000
1761583786828560	82.667000
1761583786879552	76.606000
1761583786941008	82.142000
1761583786991737	76.638000
1761583787054650	83.415000
1761583787105957	78.246000
1761583787163786	79.519000
1761583787218866	77.705000
1761583787273157	75.683000
1761583787331367	77.337000
1761583787390151	80.112000
1761583787449740	82.670000
1761583787501406	78.887000
1761583787563230	84.590000
1761583787614065	79.228000
1761583787669664	78.449000
1761583787730719	83.050000
1761583787788150	84.319000
1761583787841388	81.682000
1761583787894266	78.923000
1761583787956255	84.114000
1761583788008652	80.503000
1761583788067607	82.453000
1761583788119907	82.170000
1761583788173465	80.154000
1761583788232353	82.277000
1761583788283762	77.425000
1761583788347277	84.288000
1761583788399046	79.960000
1761583788453807	78.348000
1761583788513605	81.831000
1761583788565571	76.944000
1761583788625278	80.128000
1761583788681220	79.925000
1761583788737757	80.008000
1761583788792815	78.027000
1761583788854472	83.095000
1761583788905556	78.717000
1761583788969142	86.387000
1761583789019329	80.606000
1761583789072172	77.230000
1761583789131340	80.070000
1761583789187775	80.393000
1761583789245667	81.260000
1761583789298410	78.321000
1761583789356222	79.595000
1761583789411528	79.295000
1761583789469759	81.263000
1761583789524045	79.905000
1761583789583533	82.824000
1761583789635638	79.144000
1761583789695945	82.146000
1761583789750664	80.520000
1761583789808914	81.650000
1761583789863030	80.319000
1761583789923546	84.618000
1761583789977093	82.651000
1761583790056810	105.942000
1761583790126314	118.659000
1761583790181604	117.698000
1761583790246421	126.601000
1761583790309358	133.689000
1761583790369727	137.585000
1761583790422352	133.536000
1761583790477662	132.512000
1761583790521312	119.440000
1761583790565782	107.710000
1761583790614111	100.632000
1761583790663909	94.691000
1761583790713088	88.026000
1761583790766906	85.416000
1761583790830069	93.211000
1761583790885733	92.084000
1761583790930402	81.083000
1761583790994583	89.544000
1761583791053230	92.135000
1761583791107073	90.178000
1761583791165325	91.790000
1761583791217290	88.058000
1761583791279731	94.175000
1761583791333457	91.496000
1761583791385515	87.297000
1761583791447906	93.163000
1761583791496261	85.272000
1761583791538236	70.588000
1761583791596549	73.103000
1761583791648029	68.564000
1761583791709261	73.603000
1761583791760449	68.165000
1761583791819008	70.144000
1761583791873761	69.029000
1761583791930862	70.357000
1761583791992605	75.569000
1761583792044158	71.261000
1761583792103006	74.318000
1761583792156406	71.502000
1761583792215291	74.373000
1761583792266725	72.899000
1761583792317625	68.411000
1761583792379021	72.988000
1761583792430700	69.438000
1761583792493224	76.486000
1761583792548833	75.974000
1761583792600740	71.394000
1761583792662940	78.214000
1761583792722125	80.535000
1761583792777568	80.374000
1761583792836230	82.486000
1761583792887332	78.330000
1761583792946542	81.203000
1761583792999941	78.168000
1761583793058943	81.431000
1761583793112852	78.678000
1761583793172815	82.187000
1761583793226447	80.195000
1761583793285207	82.893000
1761583793335989	77.436000
1761583793394421	80.135000
1761583793450991	79.714000
1761583793503919	76.939000
1761583793558955	75.684000
1761583793618234	79.161000
1761583793676834	81.106000
1761583793728506	76.948000
1761583793793027	84.069000
1761583793842949	78.400000
1761583793905359	84.525000
1761583793956723	80.024000
1761583794010498	77.210000
1761583794069558	80.035000
1761583794123899	78.419000
1761583794177206	75.834000
1761583794234366	77.353000
1761583794294653	81.593000
1761583794347897	78.958000
1761583794409362	84.428000
1761583794454548	73.204000
1761583794514959	77.595000
1761583794575150	81.023000
1761583794625881	75.365000
1761583794689719	82.291000
1761583794742466	79.103000
1761583794800123	80.566000
1761583794855035	78.781000
1761583794914999	81.932000
1761583794965786	76.365000
1761583795027141	81.520000
1761583795074773	73.522000
1761583795134419	77.002000
1761583795194163	80.966000
1761583795250503	81.557000
1761583795310492	84.882000
1761583795359818	78.846000
1761583795421234	84.681000
1761583795465775	72.566000
1761583795527180	78.550000
1761583795586850	82.233000
1761583795638409	78.273000
1761583795698793	82.073000
1761583795751466	77.811000
1761583795812720	83.355000
1761583795863416	77.825000
1761583795925909	83.666000
1761583795976530	78.189000
1761583796032546	78.227000
1761583796093069	82.318000
1761583796145367	78.347000
1761583796204317	81.006000
1761583796259013	78.840000
1761583796318680	82.027000
1761583796369903	77.605000
1761583796430641	81.928000
1761583796477558	73.509000
1761583796538189	78.801000
1761583796596785	80.776000
1761583796649731	77.558000
1761583796703667	74.330000
1761583796761861	76.754000
1761583796826685	85.646000
1761583796868190	71.437000
1761583796930148	77.577000
1761583796989891	80.138000
1761583797045083	78.639000
1761583797105945	82.965000
1761583797158988	79.548000
1761583797164387	141.407000
1761583797167093	87.653000
1761583797211857	75.183000
1761583797269040	77.007000
1761583797329514	81.627000
1761583797383516	79.339000
1761583797444933	84.953000
1761583797489034	73.282000
1761583797549830	78.482000
1761583797609912	82.366000
1761583797660256	77.315000
1761583797712873	74.086000
1761583797764490	69.964000
1761583797829028	78.160000
1761583797884548	78.239000
1761583797940301	77.830000
1761583797992879	74.815000
1761583798050653	77.141000
1761583798105812	74.917000
1761583798164845	77.917000
1761583798218577	74.913000
1761583798275916	76.411000
1761583798329934	74.465000
1761583798383206	72.003000
1761583798445154	77.937000
1761583798496696	73.141000
1761583798559448	79.432000
1761583798619527	83.287000
1761583798670670	79.353000
1761583798727437	80.075000
1761583798784708	81.176000
1761583798838960	79.004000
1761583798897681	80.680000
1761583798951053	78.119000
1761583799010916	81.193000
1761583799063301	77.712000
1761583799129110	86.519000
1761583799177472	79.876000
1761583799229847	76.568000
1761583799290037	80.356000
1761583799345192	78.807000
1761583799404524	81.821000
1761583799463764	84.097000
1761583799515775	80.451000
1761583799568772	77.290000
1761583799626256	78.969000
1761583799680567	76.574000
1761583799743292	83.133000
1761583799793963	77.561000
1761583799858159	85.320000
1761583799906929	78.741000
1761583799962205	77.672000
1761583800020832	80.606000
1761583800075226	79.685000
1761583800127654	75.972000
1761583800186834	78.742000
1761583800249726	85.229000
1761583800297591	77.313000
1761583800354447	78.110000
1761583800413535	81.071000
1761583800465578	76.512000
1761583800526926	81.776000
1761583800577960	76.422000
1761583800641438	83.978000
1761583800694161	80.274000
1761583800752538	82.676000
1761583800803548	77.426000
1761583800861875	79.329000
1761583800918485	79.881000
1761583800975085	80.531000
1761583801030805	80.300000
1761583801085520	78.193000
1761583801146596	82.905000
1761583801197945	78.205000
1761583801259169	82.780000
1761583801311681	78.655000
1761583801375583	86.451000
1761583801426688	80.835000
1761583801487034	85.118000
1761583801537863	79.715000
1761583801592271	77.726000
1761583801644517	72.683000
1761583801705362	77.363000
1761583801759309	75.554000
1761583801815710	76.142000
1761583801873810	78.326000
1761583801934108	82.763000
1761583801986157	78.755000
1761583802042062	78.604000
1761583802099168	79.456000
1761583802159138	83.714000
1761583802208825	77.387000
1761583802271716	83.295000
1761583802325263	80.750000
1761583802377476	76.633000
1761583802433563	76.697000
1761583802490067	76.397000
1761583802547400	77.784000
1761583802604580	77.629000
1761583802664263	81.441000
1761583802716580	77.609000
1761583802776727	81.429000
1761583802830381	78.818000
1761583802893279	85.680000
1761583802943287	79.735000
1761583803005830	86.097000
1761583803058397	82.754000
1761583803111003	79.136000
1761583803169373	80.864000
1761583803224655	79.720000
1761583803283730	81.922000
1761583803335963	78.190000
1761583803397188	82.531000
1761583803449289	78.840000
1761583803505821	79.395000
1761583803565167	83.041000
1761583803614862	76.674000
1761583803675776	80.664000
1761583803728758	77.512000
1761583803790890	82.853000
1761583803834020	69.944000
1761583803904357	84.150000
1761583803955313	79.622000
1761583804009687	78.226000
1761583804069098	80.613000
1761583804123702	79.238000
1761583804182848	82.419000
1761583804233054	76.972000
1761583804285825	76.582000
1761583804347431	81.768000
1761583804397368	76.122000
1761583804453107	75.750000
1761583804510565	77.260000
1761583804566138	76.700000
1761583804627364	81.821000
1761583804678926	76.344000
1761583804742021	83.501000
1761583804800655	85.216000
1761583804850694	78.924000
1761583804912188	84.340000
1761583804963276	79.509000
1761583805006027	66.371000
1761583805057162	62.856000
1761583805110762	62.109000
1761583805166302	62.014000
1761583805221177	60.395000
1761583805278820	62.367000
1761583805333338	61.988000
1761583805385011	58.457000
1761583805444236	62.533000
1761583805497865	61.589000
1761583805550118	58.844000
1761583805611155	64.892000
1761583805661486	62.598000
1761583805725814	71.535000
1761583805778056	67.898000
1761583805830563	64.874000
1761583805882615	61.153000
1761583805945614	68.051000
1761583806000924	67.138000
1761583806057597	68.564000
1761583806110634	66.534000
1761583806161174	61.965000
1761583806223577	68.872000
1761583806278994	68.906000
1761583806331549	65.872000
1761583806390562	69.199000
1761583806441248	64.374000
1761583806497331	64.816000
1761583806559789	70.963000
1761583806609016	64.330000
1761583806666072	65.055000
1761583806726540	72.976000
1761583806784790	75.550000
1761583806841695	76.013000
1761583806897186	75.703000
1761583806959636	81.186000
1761583807012735	77.616000
1761583807072053	80.372000
1761583807127481	79.022000
1761583807178403	73.027000
1761583807242048	80.888000
1761583807297108	79.631000
1761583807352977	79.120000
1761583807409065	78.714000
1761583807464553	77.700000
1761583807524110	81.328000
1761583807576671	77.077000
1761583807638944	83.200000
1761583807688049	76.699000
1761583807750544	83.454000
1761583807804601	81.279000
1761583807863172	83.406000
1761583807914964	78.514000
1761583807977172	84.408000
1761583808029239	79.615000
1761583808083555	77.952000
1761583808139337	76.787000
1761583808196364	78.254000
1761583808266880	92.007000
1761583808309718	78.279000
1761583808369678	81.645000
1761583808426665	82.673000
1761583808482807	81.794000
1761583808537086	79.972000
1761583808595304	81.921000
1761583808647080	77.624000
1761583808709354	83.344000
1761583808760382	78.300000
1761583808814256	75.968000
1761583808868682	74.866000
1761583808926519	77.521000
1761583808988044	82.645000
1761583809039257	77.673000
1761583809098485	81.173000
1761583809153086	80.046000
1761583809207411	78.811000
1761583809264432	80.126000
1761583809317257	76.511000
1761583809375720	79.454000
1761583809429252	76.889000
1761583809492064	83.886000
1761583809542381	78.206000
1761583809598170	77.577000
1761583809656804	80.291000
1761583809710922	78.191000
1761583809762710	74.130000
1761583809827471	82.909000
1761583809883457	83.037000
1761583809935873	78.534000
1761583809994151	80.522000
1761583810050133	81.211000
1761583810109516	84.731000
1761583810160990	79.209000
1761583810222937	84.966000
1761583810274716	79.949000
1761583810328460	77.296000
1761583810391155	83.730000
1761583810443887	79.609000
1761583810503403	81.955000
1761583810558771	81.209000
1761583810616528	82.411000
1761583810673584	83.896000
1761583810727131	81.680000
1761583810780392	78.404000
1761583810838002	78.769000
1761583810892566	76.679000
1761583810955717	83.114000
1761583811005642	77.016000
1761583811067232	82.434000
1761583811121349	79.987000
1761583811178665	80.325000
1761583811232176	77.303000
1761583811286754	75.821000
1761583811345592	79.081000
1761583811407556	84.793000
1761583811458139	80.426000
1761583811511124	77.732000
1761583811569455	79.515000
1761583811624780	78.900000
1761583811685063	81.773000
1761583811737093	78.684000
1761583811797413	83.252000
1761583811849404	78.947000
1761583811903347	76.884000
1761583811961388	78.788000
1761583812017253	78.241000
1761583812076630	80.301000
1761583812129748	77.245000
1761583812191590	82.527000
1761583812245980	79.915000
1761583812302204	79.904000
1761583812357635	79.502000
1761583812416061	81.483000
1761583812469596	78.705000
1761583812529054	82.309000
1761583812581010	77.662000
1761583812644293	85.217000
1761583812694042	78.659000
1761583812749255	77.634000
1761583812808136	80.397000
1761583812861721	77.651000
1761583812922425	81.964000
1761583812980347	84.241000
1761583813031338	79.145000
1761583813086018	77.228000
1761583813145167	80.635000
1761583813200012	79.161000
1761583813260458	83.530000
1761583813311475	78.009000
1761583813376011	86.865000
1761583813427294	81.936000
1761583813484297	82.699000
1761583813540725	82.297000
1761583813597488	83.079000
1761583813649567	78.441000
1761583813705763	78.298000
1761583813762982	78.798000
1761583813823451	82.827000
1761583813878172	81.059000
1761583813934659	80.985000
1761583813992419	82.480000
1761583814047812	81.554000
1761583814099689	78.021000
1761583814161490	83.784000
1761583814214303	79.431000
1761583814275382	83.928000
1761583814328611	80.533000
1761583814387675	82.641000
1761583814443950	83.230000
1761583814499280	81.955000
1761583814550673	77.988000
1761583814612003	83.109000
1761583814663545	78.277000
1761583814726382	84.643000
1761583814777440	79.594000
1761583814830427	75.876000
1761583814889401	79.115000
1761583814945880	79.285000
1761583815003225	79.954000
1761583815057361	79.011000
1761583815111444	76.828000
1761583815167135	76.287000
1761583815224974	77.950000
1761583815280405	77.141000
1761583815342171	82.836000
1761583815389198	73.391000
1761583815448752	76.336000
1761583815508209	79.229000
1761583815560276	75.755000
1761583815622757	82.544000
1761583815676086	79.668000
1761583815727516	75.316000
1761583815785591	77.542000
1761583815846958	82.283000
1761583815901343	80.588000
1761583815961003	84.221000
1761583816013443	80.289000
1761583816068666	78.960000
1761583816126806	80.749000
1761583816188391	86.450000
1761583816241633	83.827000
1761583816290512	78.705000
1761583816347051	79.722000
1761583816406911	83.049000
1761583816464019	83.603000
1761583816517233	80.214000
1761583816573199	80.299000
1761583816632135	82.539000
1761583816683700	79.081000
1761583816742812	81.873000
1761583816797497	80.673000
1761583816859236	86.309000
1761583816910333	81.333000
1761583816965211	79.624000
1761583817022746	81.227000
1761583817075965	78.333000
1761583817133320	79.862000
1761583817187629	78.070000
1761583817247642	82.263000
1761583817299199	77.839000
1761583817360130	82.907000
1761583817411140	78.009000
1761583817473152	83.732000
1761583817519462	73.972000
1761583817581518	79.631000
1761583817640791	82.556000
1761583817693274	78.942000
1761583817751586	80.448000
1761583817807337	80.269000
1761583817859158	76.061000
1761583817916474	77.117000
1761583817972466	77.394000
1761583818029402	77.736000
1761583818092949	85.162000
1761583818141982	78.651000
1761583818196236	76.774000
1761583818256899	81.953000
1761583818310625	79.973000
1761583818362169	75.897000
1761583818421056	78.158000
1761583818482527	83.205000
1761583818532327	77.481000
1761583818587219	76.831000
1761583818644165	78.407000
1761583818702634	79.651000
1761583818760466	81.361000
1761583818814727	79.233000
1761583818873528	82.257000
1761583818927426	79.295000
1761583818986349	81.968000
1761583819041897	82.192000
1761583819094636	78.281000
1761583819153127	81.070000
1761583819212008	84.103000
1761583819262348	78.416000
1761583819318553	79.195000
1761583819377959	82.473000
1761583819429361	78.559000
1761583819489802	83.130000
1761583819541984	79.374000
1761583819603098	84.371000
1761583819656055	81.320000
1761583819711979	80.653000
1761583819769573	81.749000
1761583819827516	83.452000
1761583819879084	79.137000
1761583819934274	77.554000
1761583819996791	84.041000
1761583820089448	119.252000
1761583820147050	120.949000
1761583820213058	130.757000
1761583820256970	118.238000
1761583820318380	122.981000
1761583820393385	141.413000
1761583820444168	136.035000
1761583820495405	130.693000
1761583820557588	136.255000
1761583820612241	134.789000
1761583820671592	137.367000
1761583820724019	133.575000
1761583820784883	138.693000
1761583820836713	134.082000
1761583820898431	138.980000
1761583820937657	122.110000
1761583820969205	97.974000
1761583821002536	74.756000
1761583821049690	65.898000
1761583821102852	63.648000
1761583821154716	60.279000
1761583821213434	63.572000
1761583821267822	62.336000
1761583821327551	66.775000
1761583821379708	63.203000
1761583821432086	60.585000
1761583821494189	66.890000
1761583821545215	62.734000
1761583821603728	66.035000
1761583821660208	66.884000
1761583821710565	62.060000
1761583821769325	64.658000
1761583821822953	62.793000
1761583821881143	64.966000
1761583821934083	65.008000
1761583821997314	72.070000
1761583822048838	68.179000
1761583822105705	69.190000
1761583822164219	71.592000
1761583822217262	68.211000
1761583822279604	73.803000
1761583822331069	69.316000
1761583822389921	71.468000
1761583822445237	70.961000
1761583822498372	67.774000
1761583822563055	76.349000
1761583822612911	70.669000
1761583822665651	67.362000
1761583822727263	72.492000
1761583822779101	68.617000
1761583822841297	74.867000
1761583822895243	73.067000
1761583822953864	74.869000
1761583823014204	78.354000
1761583823066778	74.968000
1761583823119870	71.873000
1761583823181016	77.133000
1761583823241435	81.193000
1761583823296954	80.315000
1761583823353696	80.525000
1761583823409346	80.270000
1761583823462608	76.806000
1761583823520242	78.444000
1761583823581626	82.489000
1761583823633067	77.601000
1761583823688400	76.844000
1761583823748745	81.884000
1761583823798996	76.255000
1761583823860912	81.485000
1761583823912552	78.267000
1761583823977153	87.125000
1761583824025504	79.825000
1761583824081896	79.853000
1761583824145212	86.409000
1761583824194090	79.338000
1761583824257985	86.762000
1761583824259564	144.812000
1761583824260312	89.089000
1761583824307218	80.570000
1761583824368883	86.158000
1761583824417901	79.459000
1761583824474543	80.412000
1761583824533707	83.374000
1761583824584357	77.407000
1761583824645855	82.238000
1761583824698649	78.710000
1761583824761022	85.306000
1761583824809979	77.932000
1761583824874482	86.283000
1761583824931212	86.423000
1761583824977072	75.561000
1761583825028069	69.735000
1761583825090716	76.899000
1761583825141107	71.345000
1761583825200544	74.958000
1761583825252644	70.863000
1761583825307948	70.573000
1761583825367152	73.706000
1761583825420074	70.592000
1761583825479561	73.618000
1761583825533273	71.191000
1761583825593087	74.914000
1761583825646310	71.709000
1761583825707434	76.742000
1761583825759535	72.465000
1761583825816996	74.119000
1761583825870856	71.726000
1761583825925425	70.809000
1761583825982965	71.917000
1761583826035998	68.496000
1761583826112172	87.456000
1761583826159170	78.630000
1761583826224782	87.358000
1761583826274720	81.068000
1761583826334740	85.619000
1761583826386728	81.316000
1761583826443221	82.111000
1761583826500322	82.851000
1761583826552840	78.947000
1761583826615929	85.839000
1761583826665779	79.886000
1761583826722627	80.254000
1761583826724848	138.955000
1761583826730917	88.544000
1761583826762912	65.050000
1761583826805932	55.620000
1761583826859494	54.454000
1761583826912100	52.745000
1761583826968311	54.855000
1761583827018425	50.717000
1761583827077044	53.683000
1761583827132642	55.033000
1761583827186784	54.753000
1761583827239414	53.216000
1761583827294061	53.672000
1761583827349341	54.747000
1761583827406338	57.708000
1761583827408303	113.709000
1761583827409319	60.689000
1761583827456572	53.565000
1761583827509387	52.178000
1761583827565520	53.973000
1761583827620728	54.936000
1761583827673862	53.841000
1761583827726400	52.125000
1761583827779228	50.650000
1761583827838307	55.548000
1761583827891384	54.324000
1761583827943203	51.781000
1761583828000335	54.690000
